36 {Quantity of components}
Amerindian
Arabian
Armenian
Basque 
Central_African
Central_Euro
East_African
East_Asian
East_Balkan
East_Central_Asian
East_Central_Euro
East_Med
Eastern_Euro
Fennoscandian
French
Iberian
IndoChinese
Italian
Malayan
Near_Eastern
North_African
North_Atlantic
North_Caucasian
North_Sea
Northeast_African
Oceanian
Omotic
Pygmy
Siberian
South_Asian
South_Central_Asian
South_Chinese
VolgaUral
West_African
West_Caucasian
WestMed
Samoa 0.263 0 0 0 0 0 0 4.663 0.333 0.26 0.297 0 0 0 0 0 10.683 0 43.013 0 0 0 0 0 0 20.04 0 0 0.093 0 0 20.167 0 0 0 0
Maori 0.299 0.019 0 0.401 0 0.209 0 7.101 0 0 0.551 0.022 0.239 0.401 0.081 0.54 6.345 0.306 43.551 0 0 2.054 0 0.871 0 21.79 0.076 0.004 0.023 0 0 14.686 0.079 0.024 0 0.311
Moluccan 0 0 0 0 0 0 0 2.51 0 0 0 0 0 0 0 0 7.18 0 41.05 0 0 0 0 0 0 38.67 0 0.25 0 0 0 10.33 0 0 0 0
Melanesian 0.095 0 0 0 0 0 0 0.71 0 0 0 0 0 0 0 0 3.935 0 12.91 0 0 0 0 0 0 76.84 0.03 0.025 0 0.975 0 4.465 0 0 0 0
Australia_Abo 0 0 0 0 0 0 0 0.28 0 1.78 0 0 0 0 0 0 0 0 6.06 0 0 0 0 0 0 74.17 1.8 1.72 3.05 11.13 0 0 0 0 0 0
Sa_Khoisan 0.052 0 0 0 0 0 7.438 0.017 0 0.195 0 0 0 0.015 0 0 0.202 0 0.02 0 0 0 0 0 0 0.198 15.34 71.52 0.092 0 0 0 0 4.858 0.023 0
Luhya_Kenya 0 0 0 0 18.915 0 23.96 0 0 0 0 0 0 0 0 0 0 0 0 0 0 0.14 0 0 0 0 0.225 8.155 0 0 0 0 0 48.33 0 0.265
SA_Bantu 0.02 0 0 0 3.4633333333 0 7.7033333333 0 0 0.1033333333 0 0 0 0 0 0 0 0 0 0 0 0 0 0 0 0 1.8933333333 21.22 0 0 0 0.0533333333 0 65.55 0 0
Biaka_Pygmy 0 0 0 0 0 0 0.6066666667 0 0 0 0 0 0 0 0 0 0 0 0 0 0 0 0 0 0 0.0366666667 0 89.4966666667 0 0.05 0 0 0 9.7833333333 0 0
Yoruba_Nigeria 0 0 0 0 2.3433333333 0 1.6533333333 0 0 0 0 0 0 0 0 0 0 0 0 0 0 0 0 0 0 0 0 4.34 0 0 0 0 0 91.66 0 0
Mandenka_West_Africa 0 0 0 0 0.9333333333 0 0.3233333333 0 0 0 0 0 0 0 0 0 0 0 0 0 1.1133333333 0 0 0 0.34 0 1.1966666667 0.1966666667 0 0 0 0 0 95.85 0 0.0266666667
Somali 0.0323076923 0.2876923077 0 0 4.7753846154 0 18.6692307692 0 0 0 0.0038461538 0.1453846154 0.0115384615 0 0.0192307692 0 0.0238461538 0 0.0076923077 0.1792307692 2.0223076923 0 0 0 73.1823076923 0.1438461538 0.0630769231 0 0.0992307692 0 0 0.0384615385 0.0146153846 0.1969230769 0.0176923077 0.0638461538
Ethiopia_Omotic 0.27 0 0 0 13.56 0 0 0.52 0 0 0 0 0 0 0 0 0 0 0 0 0 0 0 0 0 0.15 68.15 13.88 0 0 0 0.08 0 3.38 0 0
Ethiopia_Amhara 0 9.3625 0.3775 0 1.12 0 11.15125 0 0 0 0 2.14875 0 0 0 0 0 0 0 5.62 4.11625 0 0 0 62.035 0.06875 3.74875 0.0575 0 0 0 0.0325 0 0.06875 0 0.09375
Eritrea_Tigre 0.0194736842 9.7705555556 0.1731578947 0.1410526316 1.8844444444 0 11.5833333333 0.0157894737 0.0094736842 0 0 2.9688888889 0 0 0 0.0505263158 0.0136842105 0.0968421053 0 8.3622222222 2.7511111111 0 0 0.0515789474 59.9427777778 0.0473684211 1.8711111111 0.0263157895 0.0142105263 0 0 0 0 0 0 0.1542105263
Ethiopia_Oromo 0 5.955 0.1125 0 3.5725 0 13.3225 0 0 0 0 0.2675 0 0 0 0.255 0 0 0 5.0975 1.4375 0 0 0 59.28 0.31 9.95 0.1475 0 0.225 0 0.0125 0 0.04 0 0
AfroTrinidadian 1.94 0 0.59 0.54 4.26 0.53 2.3 1.95 0.1 2.42 0.65 0 0 0 0 0.22 2.36 0 4.2 0 0.41 0 0.15 0 0 0 0 3.23 0 0.31 0 0 0.2 72.63 0 0.96
African-American 0.0265 0.012 0.093 0.941 0.9466666667 4.1815 1.745 0 1.1655 0.0283333333 2.2345 0 2.789 4.0535 4.3915 5.8355 0 3.9995 0 0 0.1166666667 8.859 0.7995 10.076 0 0.011 0.6766666667 4.925 0 0 0.151 0 0.136 41.5583333333 0.014 0.2235
Bantu_Zimbabwe 0 0 0 0 4.45 0 8.09 0.14 0 0 0 0 0 0 0 0 0 0 0 0 0 0 0 0 0 0 0 11.88 0 0 0 0 0 75.45 0 0
Sandawe 0 5.8 0 0 2.36 0 6.94 0 0 0 0 0 0 0 0 0 0 0 0 3.09 2.57 0 0 0 35.48 0 2.66 2.96 0 0 0 0 0 38.09 0 0
Bantu_Central_Africa 0 0 0 0 14.116 0 16.99 0 0 0 0 0 0 0 0 0 0.064 0 0 0 0 0.022 0 0 0 0 0.302 10.176 0.018 0.012 0 0 0 58.292 0 0
Altaian 0.99 0 0 0.27 0.19 0.23 0 14.09 0.12 18.71 0.28 0 1.98 3.42 0.85 0.69 0 0 0 0 0.02 0.08 6.15 2.1 0 0.08 0 0 40.5 0.2 6.33 0.01 2.71 0 0 0
Ket 4.57 0 0 0 0 0 0 0 0 1.45 0.03 0 8.51 10.22 0 0 0 0 0 0 0.02 0 0.04 0.03 0 0.06 0 0 60.91 0.95 3.03 0 10.18 0 0 0
Khanty 3.06 0 0 0 0 0 0 0 0 0 0 0 9.53 16.96 0 0 0 0 0 0 0 0.07 0 0.01 0 0 0 0 49.52 0.01 5.78 0 15.06 0 0 0
Mansi 3.21 0 0 0 0.02 0.04 0 0 0 1.15 0.63 0 13.12 14.47 0 0 0 0 0 0 0.02 0.52 0 0.4 0 0.07 0 0.05 48.09 0.07 2.99 0 15.15 0 0 0
Nenets 1.11 0 0 0 0 0.05 0 0 0 0.11 0.11 0 7.13 9.34 0.01 0 0 0 0 0 0 0.27 0 0.26 0 0 0 0 70.54 0.01 0.39 0 10.65 0.02 0 0
Nenets_Forest 1.14 0 0 0 0 0 0 0 0 0.01 0 0 4.47 8.6 0 0 0 0 0 0 0.02 0 0 0.01 0 0 0 0 75.62 0 0.27 0 9.86 0 0 0
Nivh 0.73 0 0 0.1 0 0.31 0 28.22 0 25.35 0 0 0.04 0 0.15 0 0 0.01 0 0 0.02 0 0 0 0 0 0.14 0 44.62 0 0 0 0.31 0 0 0
Shor 3.1 0 0 0 0.14 0.41 0 4.66 0.57 11.58 2.82 0 7.39 7.46 0.15 0 0.01 0 0 0 0.02 0.93 3.33 3.65 0 0.04 0.26 0 36.17 0.52 9.58 0.65 6.54 0.01 0.01 0
Selkup 2.82 0 0 0 0 0.12 0 0 0 1.26 0.46 0 9.32 10.34 0 0 0 0 0 0 0 0.31 0.09 0.6 0 0.1 0 0.03 60.69 0.57 2.7 0 10.56 0.03 0 0
Buryat 0.07 0.36 0.02 0.15 0.19 0.03 0 14.47 0.01 25.37 0.2 0.45 1.02 1.65 0.05 0 0.2 0.01 0.02 0.02 0.02 0.05 3.57 0.84 0.01 0 0.11 0.01 47.38 0.11 1.26 0.13 1.42 0.05 0.07 0.68
Mongol 0.32 0.68 0.19 0.15 0 0.14 0 25.17 0 28.4 0.05 0 1.16 0.03 0.04 0 0 0.01 0 0.02 0.02 0 0.69 0.84 0 0.26 0 0 32.61 0.91 1.31 3.56 1.7 0 0.91 0.83
Yakut 0 0 0 0 0 0 0 0 0 3.45 0 0 0 0 0 0 0.11 0 0 0 0 0 0 0 0 0.26 0 0 96.08 0.1 0 0 0 0 0 0
Han_China 0 0 0 0 0 0 0 27.52 0 0.4 0 0 0 0 0 0 24.14 0 6.01 0 0 0 0 0 0 0 0 0 0 0 0 41.93 0 0 0 0
She_South-China 0 0 0 0 0 0 0 28.38 0 1.7 0 0 0 0 0 0 27.02 0 3.74 0 0 0 0 0 0 0 0 0 0 0 0 39.15 0 0 0 0
Dai_South-China 0 0 0 0 0 0 0 0 0 0 0 0 0 0 0 0 15.31 0 14.2 0 0 0 0 0 0 0 0 0 0 0 0 70.48 0 0 0 0
Xibo_North-China 0 0 0 1.1 0 1.45 0 36.42 0 21.61 0 2.02 4.93 2.64 0.98 2.51 0 0 0 0 0 0 1.59 2.41 0 0.22 0 0 10.86 0.87 0 8.07 2.2 0 0.08 0
Hezhen_NE-china 0 0 0 0 0 0 0 22.93 0 48 0 0 0 0 0 0 0 0 0 0 0 0 0 0 0 0 0 0 29.07 0 0 0 0 0 0 0
Oroqen_NE-China 0 0 0 0 0 0 0 0 0 75.6 0 0 0 0 0 0 0 0 0 0 0 0 0 0 0 0 0 0 24.4 0 0 0 0 0 0 0
Mongola_North-China 0 0.26 0 0.22 0 0 0 2.25 0 92.22 0 0 0 0 0 0 2.14 0 0 0 0.12 0.06 0 0 0 0 0 0 0 0 0 2.67 0 0 0 0
Miaozu_SE-China 0 0 0 0 0 0 0 25.7 0 6.79 0 0 0 0 0 0 25.96 0 6.86 0 0 0 0 0 0 0 0 0 0 0 0 34.7 0 0 0 0
Lahu_South-China 0 0 0 0 0 0 0 17.2 0 4.9 0 0 0 0 0 0 31.45 0 17.74 0 0 0 0 0 0 0 0 0 1.82 0 0 26.89 0 0 0 0
Yizu_SW_China 0 0 0 0 0 0 0 28.79 0 21.34 0 0 0 0 0 0 9.51 0 7.11 0 0 0 0 0 0 0.41 0 0 2.12 0.18 0 30.14 0 0.39 0 0
TU_North-china 0 0 0.07 0 0 0 0 2.5 0 79.85 0.57 0 0 0 0 0 3.65 0 0 0 0 0 0 0 0 0.38 0 0.27 0 2.2 0 10.5 0 0 0 0
Tujia_South-china 0 0 0 0 0 0 0 33.75 0 4.99 0 0 0 0 0 0 23.56 0 3.61 0 0 0 0 0 0 0 0 0 0 0 0 34.09 0 0 0 0
Daur_NE-China 0 0 0 0 0 0 0 0 0 100 0 0 0 0 0 0 0 0 0 0 0 0 0 0 0 0 0 0 0 0 0 0 0 0 0 0
Naxi-SW-China 0 0 0 0 0 0 0 36.11 0 19.1 0 0 0 0 0 0 8.67 0 5.16 0 0 0 0 0 0 0.4 0 0 4.46 1.92 0 24.18 0 0 0 0
Japan 0.047 0 0 0 0 0 0 91.358 0 2.808 0 0 0 0 0 0 0 0 0 0 0 0 0 0 0 0.388 0 0.023 5.182 0.135 0 0 0 0 0.057 0
Cambodia 0.134 0.013 0 0 0.207 0 0.071 1.424 0.052 0.073 0.089 0.005 0.092 0.052 0.054 0 30.822 0 54.621 0.072 0.054 0.047 0 0.127 0.044 0.454 0.093 0.048 0.118 6.507 0.416 4.083 0.056 0.073 0.011 0.062
Vietnam 0.051 0 0 0 0.016 0 0 8.096 0 0.072 0 0 0 0 0 0.01 44.955 0 20.34 0 0 0 0 0 0 0.053 0 0.024 0.009 0 0 26.377 0 0 0 0
Phillipines 0.122 0 0.062 0.281 0.037 0.182 0.011 8.67 0.084 0.027 0.078 0.041 0.199 0.029 0.165 0.865 15.241 0.173 49.498 0.156 0.07 0.386 0.04 0.065 0.085 1.326 0.03 0.081 0.018 0 0 21.543 0.036 0.053 0.016 0.335
Indonesian 0 0 0 0 0 0 0 0 0 0 0 0 0 0 0 0 17.8 0 82.2 0 0 0 0 0 0 0 0 0 0 0 0 0 0 0 0 0
Bashkir 1.6858333333 0 0.0241666667 0.54 0.0408333333 2.565 0.0225 2.5033333333 1.2633333333 8.7325 4.3233333333 0 10.1408333333 9.6066666667 1.5416666667 0.6525 0.3283333333 0.2033333333 0.4325 0 0 3.02 8.4775 2.5925 0.0075 0.1258333333 0.0733333333 0.1066666667 23.7083333333 0.4908333333 7.4158333333 0.1358333333 8.1725 0.0491666667 0.9258333333 0.075
Chuvash 0.64 0 0.31 0 0 5.54 0 0.03 3.51 1.51 8.7 0 12.38 14.3 1.56 0 0.16 0.16 0 0 0 1.19 4.75 1.55 0 0 0 0 13.36 0.09 3.5 0.73 26.02 0 0.01 0
Tatar_Crimea_Coast 0.21 0.67 8.33 1.1 0 1.75 0 0.32 3.81 0.72 5.19 11.52 1.74 1.73 3.28 4.06 0.06 13.03 0 9.92 0.02 1.96 12.64 2.71 0 0.05 0 0 0.75 0.89 2.79 0.2 0.36 0 7.67 2.52
Tatar_Crimea_Steppe 0.41 0.28 2.48 0.23 0 2.45 0 6.16 2.56 11.37 9.65 1.27 6.47 4.72 0.25 0.87 0.1 5.25 0.37 2.26 0.02 3.02 11.13 3.75 0.33 0.01 0.09 0.11 13.34 0.99 4.08 1.59 1.75 0.01 2.2 0.43
Tatar_Volga 0.595 0.174 0.383 0.737 0.073 4.302 0.04 1.195 3.378 3.52 12.758 0.401 14.082 12.922 1.889 1.756 0.058 1.988 0.062 0.135 0.02 5.018 6.67 4.141 0 0.273 0.085 0.035 7.888 0.1 4.406 0.398 9.458 0.014 0.738 0.31
Tatar_Kryashen 0.39 0.06 1.16 1.06 0 4.91 0 0.81 1.76 2.68 14.9 0.83 16.88 14.41 0.75 2.16 0.28 1.84 0.47 0.04 0.02 4.07 6.41 5.68 0 0.03 0.18 0 7.55 0.17 2.67 0.4 6.44 0.12 0.61 0.26
Tatar_Lithuanian 0.67 0 1.99 0 0.18 6.86 0 4.01 4.03 6.89 14.23 1.54 9.08 8.57 1.12 1.35 0.82 5.29 0.17 0 0.02 1.42 5.81 4.48 0 0.04 0.08 0.04 8.53 0.51 6.19 2.54 2.9 0 0.63 0.01
Tatar_Siberia 1.49 0 0.2 0 0 0.12 0.01 7.67 2.58 11.17 1.47 0 11.27 4.13 0 0 0 0 0 0 0 3.39 13.39 3.45 0 0.15 0 0 25.04 0 6.7 0.01 6.58 0.22 0.96 0
Tatar_Ural 0.57 0 0.11 0.27 0 2.9 0 0.46 3.22 4.58 9.25 0.01 13.87 13.95 0.64 0.44 0.04 0.01 0.19 0.08 0.02 4.54 6.35 6.71 0 0.24 0 0.08 14.05 0.81 5.32 0.92 9.73 0.09 0.55 0
Tatar_Yunusbayev 0.79 0.12 0.35 0.78 0.04 4.38 0 1.11 3.56 3.05 10.6 0.18 13.25 12.55 1.68 1.91 0.14 0.92 0.13 0.16 0.03 4.64 7.37 5.35 0.01 0.21 0.12 0.01 11.22 0.14 4.7 0.35 9.27 0.03 0.7 0.15
Kazakh 0.85 0.01 1.25 0.37 0 1.6 0 15.39 0.27 17.19 3.95 0.25 2.96 3.01 1.48 0.78 0.02 0.03 0.04 1.16 0.06 0.95 9.01 1.58 0 0.35 0 0.38 25.54 0.52 5.91 0.92 2.09 0 2.08 0
Karakalpak 0.409 0.344 1.943 0.007 0.024 1.729 0 11.753 1.792 15.669 2.547 1.187 3.528 4.241 0.323 0.586 0.044 1.647 0.105 0.442 0 2.173 9.017 1.663 0 0.481 0.005 0.17 22.272 1.783 7.894 1.643 2.86 0.016 1.625 0.048
Uyghur 1.1936363636 0.2636363636 2.17 0.1172727273 0.0063636364 1.3172727273 0.01 16.0945454545 1.0036363636 12.3890909091 2.2445454545 0.7572727273 1.7936363636 2.3663636364 0.6136363636 0.2727272727 0.5272727273 0.0363636364 0.0218181818 1.1572727273 0.05 0.9254545455 10.0354545455 2.4318181818 0.0690909091 0.1445454545 0.06 0.04 13.53 4.1245454545 14.7790909091 5.7581818182 2.1336363636 0 1.5372727273 0
Uzbek 0.626 0.534 2.717 0.235 0.045 1.099 0 9.491 1.275 10.011 2.992 3.208 3.985 1.896 0.976 0.205 0.323 1.211 0.034 2.01 0.086 1.731 11.922 1.641 0.125 0.096 0.071 0.059 15.131 4.045 15.59 1.422 2.586 0.071 2.439 0.095
Turkmen 0.3008333333 1.4575 4.7891666667 0.2875 0.0816666667 1.6891666667 0.0241666667 2.7983333333 0.6191666667 6.375 1.2758333333 8.54 2.72 1.6241666667 1.2166666667 0.38 0.2583333333 2.2825 0.1341666667 6.2166666667 0.0091666667 1.0083333333 15.5 0.8375 0 0.2041666667 0 0.1216666667 9.4108333333 4.1933333333 18.7775 0.7758333333 1.8008333333 0.0141666667 4.1983333333 0.0641666667
Turkmen_Uzbekistan 0.2225 2.0225 4.2425 0.155 0 1.1425 0.03875 5.66125 1.07875 6.75125 1.5625 7.03625 1.74375 2.02375 0.56 0.09875 0.1425 2.97625 0.11875 4.6475 0 3.19625 12.6075 1.43625 0 0.12875 0 0.0675 13.395 2.67375 18.60125 1.1475 1.92125 0 2.46875 0.105
Kalmyk 0.65 0.32 0.66 0.45 0.04 0.74 0.01 17.86 0.89 26.89 0.99 0.04 1.55 1.79 0.45 0.01 0.02 0.16 0.02 0.05 0.02 1.07 3.73 0.29 0 0.25 0.05 0.05 34.19 0.23 2.07 1.71 1.99 0.04 0.54 0.18
Tajik_AFG 0.75 0 2.65 0 0 0 0 5.49 0 5.04 1.73 3.55 2.25 2.94 0 0 3.78 3.05 0 6.82 0 0.66 12.45 0 0 0 0 0 11.01 9.76 24.37 0 1.88 0 1.82 0
Iran 0.05 3.5325 8.7325 0.0725 0 1.4175 0 0.0475 1.1125 0.22 0.71 15.6575 0 0 0.2675 0.4275 0 2.3425 0 15.34 0 0 16.895 0.5025 0 0 0 0.05 0.3225 1.0075 24.1075 0.1775 0.2225 0.145 6.755 0
Pushtun_AFG 0.53 0 4.75 0 0 0 0 0 0 0 0.37 2.51 2.16 3.8 0 0 0 0 0 3.135 0 0.445 17.63 1.585 0 0 0 0 0.225 12.705 42.475 0 1.27 0 3.06 0
Pushtun_PAK 1.34 0 4.09 0 0.11 0.55 0.47 0.46 0.03 0.06 1.81 3.17 2.71 1.26 0 0.16 0.15 0 0 0.31 0 2.02 13.47 0.86 0 0.49 0.17 0.11 1.41 19.32 42.46 0.13 0.33 0.44 2.14 0
Kalash_PAK 0.2833333333 0 1.0233333333 0 0.07 0.8433333333 0 0 0.0466666667 0 0.8033333333 0 4.35 1.39 0 0 0 0 0 0 0 2.0033333333 19.1 1.02 0 0 0 0 0 18.4866666667 46.5966666667 0 1.2266666667 0 2.7466666667 0
Baloch_IR 0 3.41 5.14 0 0 0 0.39 0 0 0 0.32 8.16 0 0.25 0 0 0 0 0 12.43 0 0 13.18 0 0 0 0.31 0.08 0 5.9 43.63 0 0.37 2.15 4.31 0
Brahui_PAK 0 2.0933333333 1.1966666667 0 0 0 0 0 0 0 0 0.2833333333 0 0 0 0 0 0 0 0.88 0 0 0 0 0 0 0 0 0 0 95.0466666667 0 0 0 0.4966666667 0
Chitrali_PAK 1.63 0 1.35 0 0 1.4 0 0 0 0 3.41 1.49 4.19 1.23 0.58 0 0 0 0 0 0 1.02 15.96 2.17 0 0 0 0 3.22 18.23 41.85 0 0.51 0 1.79 0
Makrani_PAK 0 2.54 6.94 0 0.2033333333 0 0.3533333333 0 0 0 0 4.35 0 0 0 0 0 0 0 9.1133333333 0 0 8.3833333333 0 0 0 0 0.8866666667 0 3.3133333333 58.2633333333 0 0 1.17 4.48 0
Sindhi_PAK 0 0 4.48 0 0.31 0 1.41 0 0 0 0 0.41 0.045 0 0.135 0 0 0 0 2.99 0 0.04 8.04 0 0 0.185 0.125 0.4 0 30.595 47.645 0 0.265 2.12 0.785 0
Burusho_PAK 0.67 0 0 0 0 0 0 3.4633333333 0 1.63 0 0 0 0 0 0 0.1866666667 0 0 0 0 0 0 0 0 0.35 0 0 2.9566666667 1.6833333333 88.7 0.3566666667 0 0 0 0
Hazara_PAK 0.99 1.2166666667 1.36 0.2966666667 0 0.4266666667 0 14.0033333333 0.54 14.9733333333 1.34 2.26 1.9533333333 0.3933333333 0.83 0 0.7233333333 1.1766666667 0.24 0.5033333333 0 3.1266666667 8.97 0.17 0 0.19 0.0766666667 0 16.3966666667 5.9833333333 16.17 3.5833333333 1.0066666667 0 0.9966666667 0.0566666667
Telugu_IND 0 0 0 2.57 0.14 0 0 0 0 0 0 0 0 0 0 0 0 0 2.07 0 0 0 0 0 0 1.77 0 0 0 60.69 32.76 0 0 0 0 0
Bengali_BNG 0 0 1 1.72 0 0 0 6.58 0 2.07 0 0 0.5 0 0 0 5.04 0 0 0 0 0 0 0 0 0.63 0 0 0 57.38 24.31 0 0 0 0.79 0
Malayali_IND 0.3 0 0.12 0 0 0.36 0 0 0 0 0.93 0 0 0 0.26 0 0 0 2.93 0 0.06 0 2.7 0 0 1.03 0.16 0 0 59.9 30.57 0 0.25 0.41 0 0
Brahmin_South-India 0.28 0.08 0.91 0 0.14 0.1 0.07 0.09 0 0 0.22 0.28 0.35 0.24 0.31 0.08 0.03 0 1.04 0.16 0.01 0.78 4.39 0.59 0.01 0.53 0 0.18 0 55.01 32.5 0 0.75 0.33 0.52 0
Jatt_Sikh 0.35 0.07 1.37 0.01 0.1 1.06 0.06 0 0.3 0 2.06 0.11 1.46 1.05 0.55 0.08 0 0 0 0 0 2.45 11.6 2.22 0.02 0.2 0 0.02 0 30.22 41.07 0 1.63 0.06 1.94 0
Jatt_Muslim 0.51 0 0.72 0.04 0.05 0.41 0 0 0.62 0 2.45 0.11 0.89 1.16 0.17 0 0 0 0.06 0.11 0 1.23 8.08 2.8 0 0.24 0.1 0.06 0.34 37.88 39.14 0 0.31 0.21 2.23 0
Jatt_Haryana 1.26 0 0.79 0.7 0 0 0 0 0 0 3.27 0 2.58 3.73 0 0 0 0 0 0 0 1.52 12.5 4.05 0 0 0 0.04 0 31.85 34.22 0 2.5 0 0.99 0
Punjabi_Khatri 0.84 0 0.53 0.69 0 0 0 0 0 0 0.31 0.89 2.04 2.14 0.11 0 0 0 0 0.44 0.2 0.41 11.62 1.71 0 0.28 0 0 0 32.43 40.64 0 1.72 0 3.01 0
Khoja_Memoni 0.52 0 2.34 0 0 0 0 0 0.61 0.08 1.54 0.23 1.25 0.11 0.99 0 0 0 0 0.22 0 0.52 14.2 1.04 0 0.05 0 0.04 0.06 29.05 44.83 0 0.7 0.11 1.52 0
Brahmin_Himachal_Pradesh 0.09 0 0 0 0 0 0 0 0 0 1.97 0 0.06 1.44 0 0 0 0 0.46 1.23 0 0 8.07 1.44 0 0.91 0 0 3.35 42.12 34.52 0 1.1 0 3.16 0
Jatt_Pahari 0.38 0 2.85 0 0 0.28 0 0 0.02 0 1 1.01 2.08 0.34 0 0 0.28 0 0 0.12 0 0.2 7.79 0.7 0 0.48 0.03 0.1 0 33.78 45.68 0 0 0.04 2.81 0
Brahmin_Bihari 1.27 0 0.11 0 0 0 0 0 0 0 1.06 0 5.38 0 0 0 0.13 0 0 0 0 0 3.25 5.83 0 1.33 0 0 0 45.65 33.69 0 0 0 2.3 0
Brahmin_Nepali 1.077 0 0.817 0 0.07 2.79 0 1.01 0 0 0.987 0 1.137 3.003 1.25 0 0.123 0 0.81 0 0 2.237 5.707 1.77 0 0.643 0 0 15.02 35.31 23.543 1.447 0.303 0.16 0.33 0
Sidhu_IND 0.555 0 3.16 0 0 0 0 0 0 0 1.58 0 2.865 3.83 0 0 0 0 0.095 0 0 2.795 11 4.13 0 0.12 0 0.085 0 29.17 38.53 0 0.955 0.08 1.06 0
Kashmiri-Pandhit_IND 0.36 0 0.47 0.54 0 1.22 0 0 0.95 0 0.36 0 0 3.79 2.61 0 0.3 0 0.28 0 0 0 9.91 0 0 0.22 0 0.32 0.38 35.36 38.61 1.54 0 0 2.77 0
Jammu_Brahmin 1.52 0 0 0 0 0 0 0 0 0 0 0.47 0.29 3.37 0 0 0 0 1.92 0 0 0 9.52 3.99 0 0 0 0 0.06 38.38 36.91 0 0.7 0 2.81 0
Punjabi_IND 0.28 0 0.64 1.087 0.087 0.3 0 0 0 0 1.407 0 3.033 0.18 0.257 0.67 0 0.073 0 0.473 0 1.63 7.473 3.23 0 0.16 0 0.383 0 39.747 34.497 0.18 1.307 0.043 1.95 0.897
Punjabi_PAK 0.527 0.223 0.6 0 0 0.297 0.15 0 0 0 1.23 0 1.933 1.297 0.53 0 0.097 0 0.657 0 0 1.66 8.12 0.397 0 0.213 0.41 0.027 0.423 40.137 36.787 0 1.733 0.173 2.357 0
Tamil_Ceylon 2.99 -0 -0 0 0 -0 -0 0 0 0 0.26 0 -0 -0 -0 0 -0 0 -0 0 0 -0 -0 -0 0 -0 -0 -0 -0 73.84 18.67 0.21 -0 4.03 -0 0
Morocco 0.006875 7.9740625 0.1075 0.6775 0 -0 1.06625 0.0271875 0.3709375 0 0.02625 5.2209375 -0 -0 0.219375 13.975 0.294516129 4.2125 -0 10.1084375 30.12625 0.0909375 -0 0.064516129 13.60375 0.08625 0.0175 0.0025 0.006875 0 0 0.0284375 -0 5.779375 -0 5.908125
Algeria 0.0613333333 9.0938709677 0.3064516129 0.6619354839 0.0380645161 0.0941935484 1.3409677419 0 0.2277419355 0.0567741935 0.0533333333 7.1251612903 0.044516129 0 0.2212903226 14.6051612903 0 4.3638709677 0.0566666667 12.2283870968 26.0441935484 0.1216666667 0 0 11.2883870968 0.0186666667 0.0993548387 0 0.0193333333 0.0063333333 0 0 0.025 6.3535483871 0.0567741935 5.2903225806
Tunisia 0.0188888889 7.0888888889 1.97875 0.5044444444 0.0511111111 0.33875 0.9811111111 0.26875 0.89625 0 0.0625 8.9777777778 0 0 0.6944444444 14.6355555556 0.14375 9.7055555556 0 11.0488888889 21.4888888889 0 0.3275 0.1575 10.4355555556 0 0.0222222222 0 0 0 0 0.0422222222 0.0133333333 4.7977777778 0.62875 5.1055555556
Egypt 0.043 17.42 2.723 0.101 0.094 0 0.126 0 0.575 0.006 0 22.27 0 0 0 0.15 0 2.534 0 27.188 6.625 0 0 0 14.672 0 0.014 0.235 0.017 0.283 0.374 0 0 1.059 0.535 2.954
Bedouin_ISR 0.064 31.402 2.864 0.122 0 0.022 0.244 0 0.175 0.049 0.096 16.406 0 0 0.13 1.255 0 3.388 0 25.048 4.43 0 1.085 0 8.451 0.021 0 0.009 0 0.162 0.867 0 0.05 0.803 1.526 1.33
Druze 0 4.982 4.975 0 0.302 0.597 0 0 1.538 0 0 61.43 0 0 0.177 0.877 0.032 4.158 0 11.422 0.385 0.02 3.71 0 0.782 0.053 0.065 0 0 0.132 1.452 0 0 0.1 2.015 0.787
Levant 0 12.722 7.715 0.361 0 0.334 0.061 0.022 1.238 0.006 0.006 24.172 0 0.014 0.172 0.516 0 8.988 0 26.114 1.827 0.026 4.451 0.041 2.828 0.154 0 0.005 0 0.079 1.819 0 0.028 0.066 4.123 1.857
Palestina 0.063 12.773 6.836 0.188 0.094 0.006 0.078 0.051 1.297 0.06 0.01 20.462 0 0 0.2 0.582 0 8.184 0 26.877 3.267 0.227 4.886 0.207 5.478 0.037 0 0.073 0 0.149 2.125 0 0.051 0.259 3.404 2.066
Saudi 0.0447058824 49.5329411765 1.0964705882 0.12 0 0.0788235294 0 0 0 0 0.0376470588 15.2694117647 0.0047058824 0 0.2852941176 0 0 0.3576470588 0.0635294118 25.7276470588 1.5058823529 0.0882352941 0.7741176471 0 2.3323529412 0.0064705882 0 0 0.0158823529 0.5529411765 1.2752941176 0 0.0676470588 0 0.4158823529 0.3388235294
Yemen_North 0.0485714286 41.8614285714 0.0185714286 0 0 0 0.3357142857 0 0.5085714286 0 0 16.6314285714 0 0 0 0.3628571429 0.04 0.3514285714 0.2142857143 23.0457142857 2.7585714286 0 0 0 11.0228571429 0.1428571429 0.3128571429 0 0.0357142857 0.52 1.29 0 0 0.1957142857 0 0.2914285714
Hadramut_Yemen 0 21.14 2.805 0.19 0 0 3.495 0 0 0 0 5.53 0 0 0 0 0 0 0 21.855 0.51 0 0.715 0 21.645 0.12 0 0.435 0.885 1.85 1.675 0 0 9.305 0 0
Samaritan 0 15.738 8.133 0 0 0 0 0 0.018 0 0 25.85 0 0 0 1.085 0 8.528 0 28.88 2.6 0 0.818 0 0.305 0 0 0 0 0 0 0 0 0 3.548 4.488
Assyrian 0 8.899 14.271 0.032 0 0.038 0 0 0.854 0 0.055 24.224 0 0 0 0.091 0 6.271 0 19.059 0 0 11.589 0 0 0 0 0 0 0 5.38 0 0 0 7.731 1.504
Jordan 0.02 13.87 3.49 0 0.07 0.644 0.014 0.112 0.716 0 0 16.804 0.26 0 0 2.792 0 10.116 0.016 24.17 2.922 0.162 3.076 0.134 9.12 0.04 0.052 0 0 0.062 4.29 0 0 1.066 4.732 1.224
Georgian_East 0 0.05 9.03 0 0 1.25 0 0.04 1.01 0.57 0 8.79 0.31 0.44 2.2 0.47 0 4.23 0 9.05 0.02 0.3 33.6 0.28 0 0 0 0 0.8 0.28 5.05 0.22 0 0 21.8 0.21
Georgian_Svan 0 0.07 10.02 0 0 0.12 0 0 0.12 0 0 8.37 0 0 0 0.02 0 1.01 0.05 4.69 0.02 0.4 37.93 0.03 0 0 0 0 0 0 2.68 0 0 0 34.47 0
Georgian_West 0 0 12.75 0.02 0 0.04 0 0 0.41 0 0 10.75 0 0 0.01 0 0 3.16 0 6.65 0.02 0.01 34.25 0 0 0 0 0 0 0 0.32 0 0 0 31.37 0.24
Georgian_Imereti 0 1.185 10.563 0.103 0 0 0 0 0.185 0 0 11.79 0 0 0 0 0 3.775 0 8.468 0 0.038 30.818 0 0 0.053 0 0 0 0 1.775 0 0 0 30.843 0.405
Georgian_Laz 0 1.091 15.444 0.083 0 0.186 0 0 1.351 0 0.068 17.87 0 0 0 0.089 0 7.198 0 9.533 0 0.015 22.425 0 0 0 0 0 0 0 0.399 0 0 0 22.687 1.542
Abhkasian 0.11 0.85 7.75 0 0.07 1.72 0 0.01 2.48 0 0 7.58 0.69 0.13 0.09 0.01 0.25 2.62 0 4.23 0 0.01 35.25 0.2 0 0.07 0 0 0 0.18 4.89 0.04 0.13 0 30.14 0.5
Balkar 0.34 0.33 4.08 0.4 0 2.62 0 0.21 0.72 1.39 1.52 7.48 1.92 0.87 0.63 0.06 0 1.92 0.06 2.02 0.02 1.72 42.48 2.68 0 0.07 0 0 1.71 0 5.96 0.51 1.01 0 17.19 0.08
Chechen 0.21 0.52 6.01 0.03 0 0.91 0 0 1.65 0 1.26 2.22 1.73 1.04 0.87 0.01 0 2.31 0 1.85 0.02 1.77 56.27 2.68 0 0 0 0 0.02 0 8.45 0 0.87 0 9.3 0
Karachay 0.05 0.16 5.77 0.31 0 1.82 0 0.04 1.05 0.57 1.87 0.91 0.37 1.84 1.56 0.1 0 5.99 0.04 4.44 0.02 0.78 38.88 0.47 0 0.05 0.22 0 2.9 0.28 8.49 0.22 1.23 0 19.5 0.07
Kabardinian 0.1 0.6 6.04 0.82 0 2.02 0 0.46 1.11 0.85 1.99 5.18 1.15 2.33 0.93 0 0.35 4.05 0 3.23 0 0.97 36.82 1.95 0 0 0 0 2.52 0 6.84 0.02 2.63 0 17.04 0
North_Dagestan 0 0 2.71 0 0 4.1 0 0 0 0 5.14 0 0 4.59 2.09 0 0 0 0 0 0 3.5 49.63 6.41 0 0 0 0 0 0 14.18 0 0 0 7.66 0
Tabassaran 0.74 0.05 7.48 0 0 3.34 0 0 1.35 0 3.09 0.68 2.34 1.8 3.28 0 0 0.2 0 1.79 0 2.31 41.85 4.71 0 0 0 0.21 0 0 16.27 0 1.07 0.08 7.36 0
Kumyk 0.56 0.75 4.63 0.26 0 1.44 0 0.07 1.86 0.01 3.91 5.98 2.53 3.14 0.73 1.47 0 1.77 0 2.85 0 2.65 39.18 2.07 0 0 0.04 0 1.55 0 13.03 0 1.47 0 8.05 0
Ossetian 0.02 0.21 5.71 0.2 0 0.36 0 0.06 2.24 0.83 0.38 4.79 1.28 1.36 1.04 0.38 0.2 4.02 0 3.43 0.02 0.41 46.1 0.99 0 0.32 0 0 1.39 0.16 6.66 0.06 0.28 0.05 16.49 0.56
Armenian 0 2.42 12.3 0.62 0 0.89 0 0 2.12 0 0.43 22.07 0 0 0 0.48 0 4.67 0 13.95 0.02 0.15 19.08 0 0 0 0 0 0 0 11.81 0 0 0 8.95 0.04
Azeri 0.172 4.434 10.0705 0.162 0 0.547 0 0.984 1.5825 0.7865 0.3395 13.7595 0.5065 0.24 0.4905 0.365 0.1045 4.9095 0.0925 13.7125 0.048 0.5665 19.068 0.2935 0 0.0775 0 0.0145 0.978 0.207 16.7545 0.1485 0.571 0 7.4925 0.498
Azeri_Igdir 0 0.75 9.865 0 0 3.995 0 0.51 0.725 1.135 0.215 14.275 0.935 0 0.21 1.73 0 2.96 0 18.39 0.46 0 13.58 0.155 0 0.095 0 0 2.43 2.045 13.995 0 0.935 0 8.66 1.93
Azeri_Dagestan 0.12 0.9125 8.58 0.19 0 0.2275 0 0 2.3575 0 1.9475 11.6625 2.08 0.5175 0.04 0.08 0 3.5575 0 5.115 0.0975 1.6425 31.96 1.595 0 0 0 0 0.45 0 16.49 0.185 0.48 0 9.715 0
Kurd 0.086 3.86 10.578 0.195 0 0.62 0 0 1.407 0 0.205 16.891 0.107 0 0.159 0.059 0 5.868 0 14.6 0 0.271 17.683 0.356 0 0.011 0 0 0.02 0.035 17.899 0 0.006 0 8.424 0.649
Turkish_Anatolia 0.22 3.61 10.28 0.36 0 1.06 0 0.81 3.17 2.78 0.45 15.7 1.75 0.06 0.2 0.46 0.34 9.27 0.29 11.33 0.02 0.77 17.12 0.55 0 0.05 0 0 3.09 0.2 6.25 0.28 0.33 0 7.59 1.61
Turkey_average 0.117 2.128 9.253 0.067 0 0.856 0 0.516 1.939 1.49 1.345 15.809 0.545 0.434 1.314 1.393 0.173 9.853 0.058 12.214 0.326 0.242 16.164 0.882 0.053 0.163 0 0 1.784 0.175 7.296 0.026 0.504 0 10.324 1.358
BLG_Turk 0.286 1.17 4.523 1.183 0 3.58 0 0.931 7.231 0.398 8.438 9.583 7.199 5.131 2.345 6.816 0.179 14.016 0.238 5.419 0.24 2.461 6.466 2.399 0 0.143 0 0 1.326 0.054 1.639 0.32 1.226 0 2.531 2.403
Iraqi_Jews 0 11.022 12.15 0 0 0.512 0 0 0.026 0 0 26.034 0 0 0.104 0 0 5.37 0 23.018 0.054 0 8.43 0 0.15 0 0 0 0 0 6.298 0 0 0 4.942 1.88
Caucasus_Jews 0 5.8425 11.0316666667 0.2308333333 0 1.0641666667 0 0 1.355 0 0.5325 18.74 0.0833333333 0.3108333333 0.4333333333 0.1866666667 0 9.0125 0 15.7275 0.0983333333 0 17.4866666667 0 0 0 0 0 0 0.095 5.3925 0 0 0 11.5666666667 0.8025
Azeri_Jews 0 7.93 11.7725 0.6675 0 0.145 0 0 0.3275 0 0 20.025 0 0 0 0 0 8.1675 0 20.4 0.23 0 13.8775 0 0 0 0 0 0 0 6.6925 0 0 0 8.4975 1.26
Askhenazi 0.0606060606 6.0948484848 5.5996969697 1.0121212121 0 2.5490909091 0 0.0824242424 3.9348484848 0.0727272727 2.0636363636 15.9527272727 0.633030303 0.67 3.3490909091 9.5342424242 0.0463636364 16.3463636364 0.0324242424 13.3175757576 2.3954545455 2.3448484848 4.0824242424 1.7296969697 0.3718181818 0.0878787879 0 0 0.0803030303 0.1118181818 0.3848484848 0.0118181818 0.43 0 2.7433333333 3.8596969697
Ashkenazi_Eastern_Euro 0.14 4.24 6.86 1.06 0 2.87 0 0.19 4.04 0.16 2.77 15.93 1.49 1.09 3.63 8.11 0.13 15.59 0.23 13.88 2.42 1.79 3.44 2.23 0.47 0.12 0 0 0.21 0.02 0.43 0.05 0.8 0 2.72 2.89
Sephardi_Jews 0 8.9761538462 6.6823076923 0.8938461538 0 0.5353846154 0 0.0084615385 2.7830769231 0 0.0830769231 18.8284615385 0.0492307692 0.1023076923 1.2169230769 9.9530769231 0.0346153846 13.8623076923 0 17.5115384615 6.0107692308 0.6023076923 1.6607692308 0.36 2.1876923077 0.0246153846 0 0 0 0.0161538462 0.1130769231 0 0.0623076923 0 2.1338461538 5.2984615385
Cyprus 0 5.4392857143 7.6714285714 0.6021428571 0 0.1528571429 0 0 3.5892857143 0 0.0264285714 25.025 0 0 1.0571428571 3.3992857143 0 16.1978571429 0.015 19.0085714286 0.3142857143 0.0642857143 5.3707142857 0.0192857143 0.0485714286 0 0 0 0 0.1207142857 0.0757142857 0 0 0 6.0442857143 5.7457142857
Greek_Azov 0.17 2.18 7.78 1.07 0 2.89 0 0.05 5.04 0.27 3.12 12.45 4.05 1.36 2.18 4.09 0.04 15.47 0.04 9.23 0.02 1.9 12.8 0.26 0 0.04 0 0 0.02 0.03 3.24 0 1.33 0 6.92 1.96
GR_Istanbul 0 3.4 8.34 0.16 0 4.93 0 0 7.87 0 5.1 11.09 1.56 3.15 2.94 5.04 0 20.14 0 4.82 0 5.09 6.38 1.26 0 0 0 0 0 0 0 0 0.65 0 6.03 2.07
GR_Pontic 0 1.6363636364 14.5536363636 0.4863636364 0 0.3036363636 0 0 2.3945454545 0 0.3854545455 21.2327272727 0.4972727273 0 0.6518181818 0.7245454545 0 12.9863636364 0 12.8309090909 0 0.2463636364 14.3872727273 0 0 0 0 0 0 0 0.0681818182 0 0 0 14.2627272727 2.3472727273
GR_Crete 0 5.374 5.918 0.358 0 1.312 0 0 6.396 0 0.81 17.376 0.308 0.488 3.584 5.962 0 20.13 0 13.25 0.588 1.048 6.136 1.18 0 0.05 0 0 0 0 0 0 0.268 0 4.434 5.026
GR_Cyclades 0 2.362 7.298 1.677 0 4.162 0 0 4.563 0 2.652 14.012 1.635 1.59 2.775 5.802 0 21.507 0 10.912 0.043 2.335 8.318 0.867 0 0 0 0 0 0 0.572 0 0 0 2.965 3.952
GR_Dodecanes 0.098 3.628 6.224 0.866 0 1.782 0 0 5.282 0 0.658 21.136 0.028 0.156 0.646 8.56 0 18.898 0 12.784 0.142 0.606 6.742 0.238 0 0 0 0 0 0.092 0.028 0 0 0 6.476 4.91
Gr_Kalymnos 0 3.57 8.693 0.488 0 3.513 0 0 5.49 0 1.688 17.3 0.133 0.195 0.685 7.995 0 21.358 0 11.993 0.018 0.518 6.68 0.053 0 0 0 0 0 0 0.035 0 0 0 4.255 5.328
GR_Ikaria 0 3.688 5.518 1.535 0 2.188 0 0 6.353 0 0.718 18.825 0.628 0 2.75 6.415 0 19.19 0 12.783 0.263 0.028 5.023 1.743 0 0 0 0 0 0 0 0 0.333 0 5.665 6.358
Gr_Chios 0 3.328 7.524 1.569 0 2.658 0 0 6.307 0 1.848 18.02 1.202 0.183 1.498 7.14 0 19.175 0 10.98 0.49 0.642 5.595 0.979 0 0.009 0 0 0 0 0.108 0 0.013 0 5.441 5.275
GR_Kythera 0 2.425 6.59 0 0 2.01 0 0 6.61 0 0.185 15.27 0.075 0 4.035 8.17 0 21.605 0 12.915 0.88 0.295 6.05 1.73 0 0 0 0 0 0 0 0 0 0 4.645 6.5
Gr_Andros 0.245 2.375 4.81 0.7 0 1.29 0 0 7.418 0.17 1.598 17.708 0.395 0 3.343 8.355 0 20.455 0 10.58 2.253 2.008 2.605 4.143 0 0.13 0 0 0 0 0 0 0 0 5.32 4.083
Gr_Eubea 0 1.36 5.975 0.68 0 5.21 0 0 7.555 0 4.58 10.05 2.835 0.4 3.485 10.705 0 20.33 0 9.48 0.335 2.975 3.605 1.21 0 0 0 0 0 0 0 0 0.795 0 1.86 6.585
GR_Thrace 0 0.43 8.12 2.96 0 8.31 0 0 7.01 0 6.29 10.62 0.1 0 1.44 5.81 0 16.68 0 8.64 0 2.6 4.9 6.46 0 0 0 0 0 0 0 0 0 0 4.87 4.76
GR_Central 0 3.575 4.18 1.395 0.105 3.555 0 0 10.48 0 3.935 14 2.03 2.31 4.965 9.2 0 14.925 0.165 3.83 0 0.115 5.555 5.46 0 0.05 0 0 0 0 0 0 0 0 2.655 7.515
Greek_Macedonia 0.021 1.888 5.264 1.531 0 3.58 0 0 8.939 0 7.364 11.416 3.805 1.493 2.919 8.178 0 17.248 0 6.695 0.068 2.26 5.485 3.546 0 0.025 0 0 0 0 0.005 0 0.175 0 3.125 4.965
Greek_Peloponnes 0.064 2.829 4.779 0.683 0 4.059 0 0 7.871 0 5.188 13.37 2.601 1.155 2.78 9.229 0 20.221 0 7.438 0.068 2.339 4.639 2.69 0 0.035 0 0 0 0 0 0 0.226 0 2.576 5.163
Malta 0.043 6.093 4.487 1.071 0 1.102 0.043 0 4.656 0.026 0.361 16.394 0.182 0.072 1.395 11.024 0 19.481 0 10.825 4.164 2.396 3.982 1.187 0.378 0 0.308 0 0 0 0 0 0.04 0.169 3.514 6.581
Sicily_Messina 0 3.759 5.466 1.131 0 1.669 0 0.005 4.504 0 0.851 15.992 0.195 0 1.638 10.96 0 19.681 0 15.927 2.851 0.815 3.078 1.163 0.162 0.012 0.027 0.006 0 0 0.11 0 0.003 0 3.99 5.998
Sicily_Catania 0.028 3.642 4.102 0.981 0.042 1.825 0.011 0 4.789 0 0.203 17.104 0.225 0 1.832 10.261 0 21.195 0.007 13.384 2.495 0.976 4.414 1.205 0.303 0.06 0.056 0 0 0.076 0.216 0 0.047 0 4.402 6.119
Sicily_Trapani 0.006 3.409 5.169 1.548 0 1.855 0 0 3.997 0 0.813 15.117 0.226 0.091 3.115 10.921 0 21.365 0.023 12.952 2.514 1.962 3.093 2.463 0.155 0.006 0.033 0.015 0.024 0.025 0 0 0.068 0 2.962 6.063
Sicily_Ragusa 0 3.895 4.3775 1.1225 0 2.375 0.1025 0 4.735 0 1.8775 15.805 0.165 0 2.1775 8.8075 0 21.46 0 13.975 2.1875 1.5225 2.67 2.33 0.1625 0.1 0 0.1325 0 0 0.37 0 0.15 0.3 3.4425 5.755
Sicily_Agrigento 0.072 5.338 5.752 1.518 0 2.02 0.148 0 4.282 0 0.99 14.272 0.342 0 2.755 10.378 0.025 20.292 0 13.837 2.383 1.288 3.187 1.178 0 0.043 0 0 0 0.698 0.72 0 0.265 0.112 1.83 6.27
Sicily_Palermo 0.006 3.835 5.26 1.489 0 1.889 0.032 0 3.494 0 0.66 15.422 0.202 0.386 2.875 10.77 0 20.273 0.004 13.03 3.125 1.219 3.33 2.25 0.228 0.029 0.02 0.024 0 0.056 0.016 0 0.119 0.012 4.111 5.827
Sicily_Caltanisetta 0 3.919 5.534 1.102 0 2.848 0 0 4.077 0 0.527 15.284 0.116 0.198 2.293 10.95 0 19.05 0 14.546 2.422 1.69 3.312 2.164 0.254 0.13 0 0 0 0 0.16 0 0.007 0 3.511 5.899
IT_Calabria 0 4.064 6.351 0.884 0 1.361 0 0 5.468 0 0.604 16.589 0.214 0 2.448 9.015 0 21.485 0 12.995 2.007 0.455 3.818 1.142 0.056 0.008 0 0 0 0 0 0 0 0 4.404 6.626
IT_Campania 0 2.264 6.019 1.246 0 1.913 0 0 5.11 0 0.476 16.583 0.05 0.09 2.554 11.346 0 23.023 0 13.303 0.923 2.079 2.804 0.866 0 0 0 0 0 0.013 0.103 0 0.056 0 3.876 5.309
IT_Apulia 0.0616666667 3.0416666667 5.13 1.4266666667 0 1.9116666667 0 0 5.7866666667 0 1.5133333333 14.84 0.6016666667 0 3.1633333333 10.1083333333 0 22.225 0 11.5683333333 0.515 3.2633333333 4.7833333333 0.1916666667 0 0.2966666667 0 0 0 0.08 0 0 0.01 0 4.09 5.3916666667
IT_Abruzzo 0 2.79 4.8333333333 1.9466666667 0 2.79 0 0 4.6733333333 0 1.79 13.6066666667 0 0 2.5433333333 11.77 0 24.1266666667 0 10.4166666667 0.3333333333 1.4666666667 4.2466666667 2.41 0 0 0 0 0 0 0 0 0.0933333333 0 4.5733333333 5.5933333333
IT_Lazio 0 2.314 4.538 2.332 0 3.32 0 0 4.28 0 0.396 12.138 0.118 0.544 2.908 15.282 0 24.81 0 7.708 0.992 3.888 2.562 2.034 0 0 0 0 0 0 0 0 0 0 2.21 7.622
IT_Marche 0.11 1.705 3.8425 1.1775 0 3.0075 0 0 5.88 0 0.255 11.605 1.185 0.215 5.315 13.785 0 22.9425 0 6.055 0.505 2.3825 1.3725 8.1525 0 0.0525 0 0 0 0 0.25 0 0.14 0 2.69 7.355
IT_Tuscany 0.011 1.677 3.293 2.062 0 2.991 0 0 3.502 0 1.925 9.385 0.674 0.241 5.236 14.947 0.008 26.351 0 4.206 0.647 4.885 1.703 6.629 0 0.06 0 0 0 0 0.005 0.034 0.138 0 2.496 6.886
IT_Piedmont 0 0.3966666667 2.0266666667 3.51 0 3.9466666667 0 0 4.6166666667 0 5.34 3.7166666667 0.0866666667 4.1266666667 4.57 17.7433333333 0 20.76 0 3.16 0.37 6.5766666667 2.17 8.2866666667 0 0 0 0 0 0 0 0 0.4166666667 0 0.8033333333 7.37
IT_North 0 0.3676923077 2.8653846154 2.3015384615 0 3.4230769231 0 0 4.4253846154 0 3.4576923077 6.4961538462 1.4038461538 1.4346153846 5.1569230769 17.3576923077 0 24.7030769231 0 2.4084615385 0.2630769231 5.8623076923 1.7769230769 8.5169230769 0 0.0107692308 0 0 0 0 0 0 0.2207692308 0 0.9623076923 6.5876923077
IT_Veneto 0.0064285714 0.2014285714 2.1528571429 3.0114285714 0 4.82 0 0 5.36 0 6.1528571429 4.3721428571 2.5121428571 3.2392857143 4.9478571429 12.8521428571 0 20.455 0 3.135 0.065 7.9871428571 0.4592857143 8.9178571429 0 0.0085714286 0 0 0 0.0778571429 0 0 0.5542857143 0 2.7764285714 5.93
IT_Friuli 0.015 1.255 1.457 1.383 0 5.012 0 0 6.217 0 6.205 7.387 3.663 3.138 4.538 14.488 0 19.835 0 2.727 0.532 7.438 1.42 7.23 0 0 0 0 0 0 0 0 0.26 0 1.045 4.742
IT_Aosta 0.021 0.248 1.318 3.878 0 4.649 0 0 3.582 0 2.959 4.212 1.554 2.255 5.858 18.732 0 21.646 0 1.061 0.023 8.134 1.597 12.419 0.028 0.072 0.059 0 0 0.054 0.013 0 0.074 0 0.935 4.611
Swiss_Italian 0 1.69 1.3733333333 1.2566666667 0 3.8633333333 0 0 2.73 0 2.7633333333 3.93 2.5833333333 2.7933333333 7.6066666667 17.78 0 24.5233333333 0 1.77 0.07 6.03 2.0833333333 9.85 0 0 0 0 0 0 0 0 0 0 0 7.3
IT_Sardinia 0 0.82 0.6516666667 4.1733333333 0 0 0 0 0.6483333333 0 0 7.7616666667 0.0083333333 0 1.5283333333 21.9016666667 0 23.0066666667 0 2.0733333333 2.5866666667 0.1083333333 0 0 0 0 0 0 0 0 0 0 0 0 0 34.7066666667
FR_Corsica 0 1.1866666667 3.01 3 0 1.5633333333 0 0 3.04 0 0 11.75 0.6466666667 0 3.99 16.81 0 23.89 0 6.22 1.17 2.4533333333 0 8.0233333333 0 0.0666666667 0 0 0 0 0 0 0 0 2.6066666667 10.5633333333
Waloon 0.02 0.0271428571 0.0671428571 1.5514285714 0 7.4828571429 0 0 2.5357142857 0 4.7942857143 1.25 3.4785714286 8.7742857143 6.9142857143 15.43 0 14.4485714286 0 0.2771428571 0.0257142857 12.7185714286 1.8614285714 16.8471428571 0 0 0 0 0 0 0.2985714286 0 0.1342857143 0 0.3285714286 0.7342857143
Portugal 0.077 1.3445 0.5465 4.2425 0.108 3.763 0.22 0 1.9725 0.0155 1.962 2.511 0.5885 2.701 6.8115 25.3485 0 15.6605 0.0085 2.944 5.0905 7.4715 0.1685 8.2705 0.5365 0.117 0.182 0.0855 0.009 0.0525 0 0.0185 0.343 0.203 0.128 6.4885
Spain_Canarians 0.0414285714 1.26 0.1985714286 3.9357142857 0.2928571429 5.5514285714 0.2428571429 0.0114285714 2.7657142857 0 4.5471428571 3.9371428571 3.8428571429 2.5585714286 3.9328571429 23.4 0 12.0728571429 0 3.0514285714 5.9685714286 6.79 0 7.6414285714 1.9642857143 0.1457142857 0.0328571429 0.0242857143 0 0.0785714286 0 0 0.0885714286 0.73 0.1042857143 4.7528571429
Spain_Centabria 0.1066666667 0.0466666667 0.3133333333 8.05 0 2.1733333333 0 0 1.64 0 2.1033333333 0.1833333333 0.6466666667 2.88 6.1766666667 35.58 0 12.5166666667 0 0 2.71 9.6066666667 0 6.6366666667 0 0 0 0.0666666667 0 0 0 0 0.79 0.0266666667 0 7.7466666667
Spain_average 0.0817391304 1.2730434783 0.632173913 6.8456521739 0.0334782609 3.4226086957 0 0 1.9682608696 0.0108695652 2.8182608696 2.0043478261 1.1008695652 2.3543478261 5.1113043478 30.3804347826 0 14.3560869565 0 2.0513043478 3.3652173913 7.0865217391 0.2934782609 7.3813043478 0.1434782609 0.0665217391 0.11 0.0356521739 0 0.0391304348 0.0547826087 0 0.0643478261 0.04 0.5443478261 6.3195652174
Spain_Catalan 0.0813333333 0.8046666667 0.4673333333 8.8566666667 0 3.0746666667 0.0993333333 0 2.1286666667 0 1.994 2.0173333333 0.6513333333 1.962 6.518 29.31 0 15.2813333333 0 1.0813333333 1.2926666667 8.3366666667 0.5266666667 8.3073333333 0.026 0.0093333333 0 0.0153333333 0 0.102 0 0 0.1126666667 0 0.156 6.7826666667
Spain_Galicia 0 0.6066666667 0.9533333333 6.5566666667 0 2.92 0 0 1.8733333333 0 3.1133333333 2.1933333333 3 1.7466666667 4.55 28.5966666667 0 16.3533333333 0 0.8733333333 3.6933333333 7.11 0 7.36 0.5933333333 0.0433333333 0.3033333333 0 0.05 0 0.6566666667 0 0.2566666667 0 0.1566666667 6.4233333333
Spain_Valencia 0.1125 1.07875 0.1175 7.27 0 5.25 0 0.05 1.94375 0 2.04625 1.69125 1.155 1.6575 6.71 30.02125 0 16.01125 0 0.7975 1.65375 7.14625 0 6.95375 0.12 0.07125 0 0 0 0 0 0.04 0.4175 0 0.52125 7.15875
Spain_Andalusia 0 0.7066666667 0.39 7.7883333333 0 3.1016666667 0 0 1.4566666667 0 3.1116666667 1.735 1.355 1.8166666667 5.0083333333 29.3333333333 0 14.9816666667 0 2.7566666667 3.5233333333 8.7616666667 0 6.7183333333 0 0.0516666667 0.0816666667 0 0 0 0 0 0.3683333333 0 0.8116666667 6.1333333333
Spain_Aragon 0 0.2271428571 0.6371428571 11.1228571429 0 3.0328571429 0 0 2.38 0.0271428571 2.7557142857 0.7142857143 1.7514285714 0.2585714286 4.96 31.9528571429 0 13.7057142857 0 2.3471428571 0.8985714286 8.5071428571 0 7.2871428571 0 0 0 0 0 0.08 0 0 0.1014285714 0 0.15 7.0942857143
Asturia 0 1.59 0.64 6.595 0 4.345 0 0 1.41 0 2.145 2.475 0.795 2.945 7.465 30.89 0 14.93 0 0.96 3.325 8.54 0 4.94 0 0 0 0 0 0 0 0 0 0 0 6.02
Spanish_Basque 0 0 0 35.1377777778 0 0.68 0 0 0.7433333333 0 0.5522222222 0 0.18 1.2588888889 3.5311111111 37.9077777778 0 4.6166666667 0 0 0 4.8566666667 0 5.3722222222 0 0.0533333333 0 0 0 0 0 0 0.0377777778 0 0 5.0711111111
French_Basque 0 0 0 33.445 0 0 0 0 0.185 0 0.095 0 0.535 1.815 3.865 40.745 0 4.09 0 0 0 5.8 0 5.52 0 0 0 0 0 0 0 0 0 0 0 3.905
Romania_Central 0 0.635 3.44 1.115 0 6.3 0 0.4 7.775 0 12.02 8.895 8.465 6.845 1.945 9.315 0 8.875 0 1.265 0 4.09 0.125 8.625 0 0.08 0 0 0 1.65 1.795 0 2.32 0 1.88 2.115
Romania_NW 0 0 2.2 1.75 0 5.9933333333 0 0 10.3533333333 0 9.3066666667 8.4366666667 9.1633333333 6.4966666667 4.8166666667 9.87 0 12.6466666667 0 3.4033333333 0 5.0733333333 3.4433333333 3.6033333333 0 0 0.0266666667 0.0366666667 0 0 0.1 0 1.0166666667 0 0.4366666667 1.78
NE_Romania 0 0.5775 2.5825 0.9075 0.0225 6.86375 0 0.25 7.2425 0 13.655 5.89125 9.84625 5.375 2.34625 9.80125 0.07125 12.9925 0.02375 1.1625 0.2675 4.075 3.445 6.12375 0.06 0 0 0 0 0 0.41375 0 1.6775 0 2.3825 1.94125
Romania_SW 0.0125 0.2575 4.0425 1.7 0 6.7925 0 0 9.45 0.1975 13.735 7.1525 7.0775 6.075 2.1925 5.3225 0.26 14.905 0 1.175 0 3.6225 4.215 5.9975 0 0.1475 0 0 0 0.055 0 0 1.0425 0 0.83 3.7225
South_Romania 0.1555 1.4295 2.395 1.517 0 5.0265 0 0.0335 8.4055 0.0185 10.506 7.688 7.072 3.7655 3.447 6.678 0 15.655 0.0415 4.498 0.08 3.3375 5.326 4.0455 0.023 0.044 0.008 0 0.036 0.471 0.7245 0.0255 0.859 0 2.9305 3.755
Romania_SE 0.1375 0.389375 3.25125 1.195 0 5.208125 0 0.06 7.29375 0.04375 11.888125 6.675625 8.19125 5.58625 3.185 8.525 0 14.83375 0.004375 3.76125 0.138125 3.48875 4.104375 4.544375 0 0.045625 0 0 0.0425 0.221875 0.65125 0 0.82 0 2.0225 3.675
Macedonia_FYROM 0 0.6683 3.1617 1.6333 0 6.7067 0 0 8.175 0 9.17 7.8933 7.13 3.3117 3.6383 7.725 0 15.8667 0 5.36 0.58 3.5317 2.84 5.95 0 0 0 0 0 0 0.1283 0 0.1633 0 2.8133 3.5483
Bulgaria 0.028125 1.291875 3.056875 0.815625 0 6.30875 0 0 8.0459375 0 10.73375 8.4403125 7.7125 3.043125 2.504375 8.2775 0 17.3278125 0 4.6803125 0.109375 2.55 5.460625 2.701875 0 0.1578125 0 0 0.006875 0.063125 0.23125 0 0.78625 0 2.0984375 3.55875
Albania_North 0 0.926 4.1975 1.2325 0 4.4945 0 0 10.1075 0 6.119 11.6925 2.6295 1.112 3.4875 10.02 0 21.8035 0 4.5225 0.28 2.9735 2.566 3.445 0 0.037 0.0095 0 0 0 0 0 0.1515 0 2.2505 5.9325
Albania_South 0 0.7061111111 4.0905555556 1.1777777778 0.0155555556 3.7216666667 0 0 10.3005555556 0 4.7916666667 12.6916666667 1.66 0.5694444444 3.1372222222 9.8188888889 0 23.4294444444 0 6.1661111111 0.3188888889 1.8077777778 3.1827777778 4.3016666667 0.0583333333 0 0 0.0494444444 0.0077777778 0 0 0 0.355 0 2.1172222222 5.5183333333
Albania_FYROM 0 0.7 3.736 0.798 0 5.372 0 0 11.186 0 5.57 10.786 3.818 1.176 2.396 9.124 0 23.338 0 5.7 0.506 3.366 2.87 3.268 0 0 0 0 0 0 0 0 0.456 0 1.566 4.264
Albania_Montenegro 0 0.636 2.603 0.598 0 5.098 0 0 9.352 0 6.978 10.599 4.557 1.972 3.828 9.594 0 19.941 0 3.154 0.448 3.867 2.685 5.083 0 0 0 0 0 0 0 0 0.57 0 3.029 5.395
Kosovo 0 0.457037037 4.0825925926 1.2981481481 0 4.9011111111 0 0 10.2348148148 0 6.9925925926 11.037037037 3.2477777778 1.4 3.3985185185 10.5503703704 0.0096296296 21.2692592593 0 2.8018518519 0.2374074074 2.4844444444 2.6811111111 4.717037037 0 0.0137037037 0 0 0.007037037 0.0159259259 0 0.012962963 0.2266666667 0 2.63 5.2837037037
Serbian 0.0154 0.5051 2.4417 1.4322 0.0024 6.5361 0 0 8.8546 0 13.0102 4.7078 8.898 4.3817 3.2927 8.4339 0 16.2683 0 1.9098 0.1239 3.8771 4.0544 5.5978 0 0.0044 0 0 0 0.0278 0.0017 0.0015 0.6215 0 1.6293 3.3649
West_Serbian 0 0.4993 1.7904 0.9509 0 6.4349 0 0 8.8773 0 14.403 5.0491 8.8384 5.5427 3.3589 8.2979 0 14.7809 0.0013 1.7624 0.1324 4.1171 3.5141 6.2823 0 0.0231 0 0.0041 0 0.0176 0.0646 0 0.7061 0 1.3984 3.1483
Bosnian 0 0.597 1.908 1.008 0 5.658 0 0 8.565 0 12.762 5.27 7.692 4.875 3.757 9.922 0 17.287 0 1.613 0.182 3.687 5.265 5.033 0 0 0 0 0 0 0.028 0 0.875 0 1.285 2.717
Croatian 0 0.2572 1.7996 1.3316 0 7.7576 0 0 8.266 0 15.4116 3.526 9.8808 6.9192 3.6656 8.0536 0 13.6412 0 0.9036 0.1632 4.2508 2.392 7.2676 0 0.0092 0 0 0 0 0.1092 0 0.8128 0 1.1176 2.4568
Slovenian 0.05 0 0.738 1.034 0 8.922 0 0 6.741 0 16.171 1.091 9.819 8.113 4.297 9.833 0 11.76 0 0.488 0 6.244 2.756 8.888 0 0.032 0.013 0 0 0 0.114 0 0.263 0 0.83 1.794
Hungary 0.0932 0.3044 0.8308 1.1004 0 7.2576 0 0.0748 6.2108 0.0192 15.008 1.722 10.1564 8.0604 3.9804 8.7796 0.0048 10.0624 0.1208 1.0992 0.1692 7.5164 3.6228 9.1396 0.0064 0.164 0.0036 0 0.0584 0.2848 0.416 0.0584 1.0136 0 0.7628 1.8832
Slovak 0.0359090909 0.0772727273 0.5063636364 1.7090909091 0 7.06 0 0 6.1554545455 0 20.4259090909 0.8218181818 14.0772727273 9.3940909091 4.1386363636 6.3186363636 0 8.9813636364 0 0.1663636364 0.0663636364 6.8409090909 2.2281818182 7.5272727273 0 0.0459090909 0 0 0 0.045 0.0377272727 0 1.2936363636 0 0.5777272727 1.46
Czechs_Moravians 0 0.0373076923 0.7175 1.4861538462 0 8.88 0 0 5.5476923077 0 17.28 0.3115384615 11.4894230769 9.1963461538 4.5417307692 8.1542307692 0.0046153846 8.6071153846 0.0151923077 0.2617307692 0.0319230769 8.4059615385 1.6065384615 10.4725 0 0.0048076923 0 0.0011538462 0.0138461538 0.0092307692 0.1396153846 0 0.7653846154 0.0040384615 0.5917307692 1.4146153846
German_East 0.001875 0.0079166667 0.2895833333 1.92 0.005 8.403125 0 0 4.7945833333 0 16.0520833333 0.115625 11.1689583333 11.3083333333 5.1733333333 7.5691666667 0 6.4060416667 0 0.0325 0.05 10.06375 0.8485416667 13.8164583333 0 0.01625 0.005 0.0010416667 0 0.0189583333 0.0725 0 0.6508333333 0 0.3320833333 0.8675
German_North 0.0206666667 0.0766666667 0.3736666667 1.784 0 7.7926666667 0 0 3.93 0 8.604 0.1096666667 5.818 11.3543333333 6.883 8.8306666667 0 8.743 0 0.174 0.031 14.0006666667 1.107 18.8253333333 0.0143333333 0.0126666667 0 0 0 0.0303333333 0.1093333333 0 0.4326666667 0 0.463 0.4753333333
South_Germany 0.0873684211 0.2505263158 0.8578947368 1.9784210526 0 6.6605263158 0 0 4.54 0 8.35 1.0973684211 4.4984210526 8.3473684211 6.3878947368 12.1957894737 0 13.6231578947 0 0.4689473684 0.1031578947 11.0368421053 1.4447368421 14.3594736842 0 0.0842105263 0.0089473684 0 0.0342105263 0.0268421053 0.2115789474 0 0.4663157895 0 0.9284210526 1.9431578947
German_West 0.0495454545 0.1418181818 0.6868181818 1.9468181818 0 6.8090909091 0.0031818182 0 4.4590909091 0 7.4663636364 1.1981818182 4.4 8.2118181818 7.0463636364 12.1345454545 0 12.8959090909 0 0.2513636364 0.0054545455 11.3895454545 2.0968181818 15.77 0 0.0331818182 0 0.0095454545 0 0 0.2622727273 0 0.2540909091 0.0145454545 0.8018181818 1.6581818182
Austria 0 0.2315909091 1.2804545455 1.4713636364 0 7.7013636364 0 0 6.4265909091 0 11.09 1.2427272727 8.4331818182 8.3286363636 5.8686363636 10.9584090909 0 11.7438636364 0 0.6245454545 0.0652272727 9.2445454545 1.6086363636 10.2793181818 0 0.0256818182 0.015 0 0 0.0315909091 0.1070454545 0 0.7738636364 0.0063636364 0.9972727273 1.4363636364
Austria_Tyrol 0 0.09625 2.14 2.82875 0 6.5575 0 0 5.1575 0 4.17625 1.59625 4.115 7.43375 7.03125 8.605 0 18.1525 0 1.195 0.15625 10.91125 3.4375 10.8825 0 0 0 0 0 0 0 0 0.56375 0 1.63125 3.32375
Swiss_German 0.0078947368 0.2368421053 1.1757894737 2.9210526316 0 7.1942105263 0 0 4.2294736842 0.0063157895 5.6657894737 1.4657894737 3.1947368421 7.2726315789 6.4594736842 13.8221052632 0 16.2826315789 0 0.3268421053 0.1442105263 10.2026315789 1.7478947368 13.3552631579 0 0 0.0326315789 0 0 0 0.0957894737 0 0.1321052632 0.0057894737 0.5615789474 3.4536842105
France 0.042 0.1832 0.5504 3.2892 0 4.8884 0.0028 0 2.9548 0 4.5916 0.5172 3.1816 5.2324 7.2544 21.1448 0.0368 15.4816 0 0.0816 0.3252 11.8672 1.1004 12.3712 0 0.0336 0.018 0 0 0.05 0.12 0 0.3316 0 0.2848 4.0884
France_Central 0 0.01 1.712 3.696 0 3.856 0 0 3.504 0 3.976 0.808 1.312 5.076 8.198 19.448 0 18.194 0 0.304 0 10.782 0.102 12.26 0 0 0 0 0.108 0 0 0 0 0 0.492 5.7075
FR_Bretagne 0.076 0 0 2.872 0 8.416 0 0 1.762 0 2.746 0 6.336 4.154 10.112 19.354 0 9.046 0 0 0 17.076 1.98 15.63 0 0 0 0 0 0.028 0.088 0 0.308 0 0 0.01
France_South 0.0542857143 0.2942857143 0.4885714286 8.4857142857 0 4.7314285714 0 0 3.1157142857 0 1.8057142857 2.2328571429 1.3671428571 4.3685714286 5.9957142857 23.8485714286 0 16.9342857143 0 0.4657142857 0.2585714286 9.0157142857 0.4157142857 9.8471428571 0.0414285714 0.0385714286 0 0 0 0 0 0 0.0642857143 0 0.1 6.0228571429
France_SW 0.029 0.223 0.082 30.368 0 2.841 0 0 1.486 0 2.099 0.257 0.702 1.236 4.893 31.566 0 9.282 0 0 0.245 5.035 0 5.271 0 0 0 0 0 0 0 0 0.274 0 0.075 4.025
France_NorthEast 0.13 0 0.35 3.4 0 5.65 0 0 1.52 0 6.43 0.32 3.42 7.43 6.48 17.13 0 14.05 0 0.1 0.08 12.14 3.3 17.01 0 0.04 0 0.04 0 0 0.06 0 0 0 0.29 0.62
France_NorthWest 0 0 0 3.278 0 5.977 0 0 2.068 0 5.618 0.305 2.435 7.013 7.308 16.78 0 13.125 0 0 0.198 15.613 1.128 15.603 0 0 0 0 0 0.098 0 0 0.522 0 0.335 2.583
Flemish 0.0133333333 0.1107692308 0.242948718 2.2241025641 0 6.7528205128 0 0 2.3442307692 0 5.892051282 0.5076923077 3.2174358974 9.2348717949 7.932948718 14.059871795 0 12.8538461538 0 0.035 0.1588461538 13.2905128204 1.2376923077 17.4814102565 0 0.0214102564 0 0.01 0 0.0303846154 0.3737179487 0.0057692308 0.1269230769 0 0.551025641 1.2817948718
Central_Dutch 0.0089473684 0 0.1273684211 3.0352631579 0 8.3368421053 0 0 2.6936842105 0 5.8357894737 0 4.0578947368 10.9726315789 7.2652631579 7.5042105263 0 10.0073684211 0.0036842105 0 0.1157894737 15.7236842105 1.0305263158 21.4773684211 0 0.0052631579 0 0 0 0 0.2010526316 0 0.2705263158 0 0.34 0.9810526316
North_Dutch 0 0 0.125 1.98875 0 6.4725 0 0 2.3975 0 8.0225 0 3.1375 12.955 9.185 7.71875 0 5.58375 0 0 0 17.4475 0.75125 23.66625 0 0 0.01125 0 0 0.0275 0.17625 0 0.09125 0 0.105 0.14125
South_Dutch 0 0 0.4342857143 2.6442857143 0 8.7557142857 0 0 2.4542857143 0 6.26 0.14 2.92 7.9928571429 7.0871428571 12.4428571429 0 13.3428571429 0 0 0.1142857143 13.3485714286 2.4371428571 17.2714285714 0 0 0 0 0 0 0.0771428571 0 0.09 0 0.3585714286 0.8757142857
Northern_Ireland 0.0354545455 0 0.1927272727 2.2881818182 0 6.7363636364 0 0 1.6845454545 0 4.5245454545 0 4.0418181818 7.4409090909 7.6618181818 15.26 0 6.49 0 0 0 18.5881818182 2.2027272727 21.2963636364 0 0 0 0 0 0 0.2627272727 0 0.5645454545 0.0163636364 0.41 0.2936363636
Ireland 0.0822580645 0 0.0793548387 2.2225806452 0 6.1116129032 0 0 0.8741935484 0 6.1461290323 0 5.8390322581 7.404516129 8.5093548387 14.5803225806 0 5.5809677419 0 0 0 19.1212903226 2.6838709677 18.4438709677 0 0 0 0 0 0.0080645161 0.7151612903 0 0.4619354839 0 0.4209677419 0.4341935484
Orcadian 0.178125 0 0.098125 2.191875 0 6.54875 0 0 1.72375 0 6.705 0 5.4575 9.0825 7.0775 14.290625 0 5.815 0 0 0 18.774375 1.62625 18.975 0 0.026875 0 0 0 0.004375 0.439375 0 0.52375 0 0.18 0.27125
Scotland 0.14375 0 0.0704166667 2.5158333333 0.0504166667 6.8479166667 0 0 1.4820833333 0 5.3929166667 0.0383333333 4.5916666667 8.8925 7.8841666667 12.1070833333 0 7.6591666667 0 0 0 18.20625 1.5725 20.8116666667 0 0.01 0 0.0091666667 0 0.0658333333 0.4533333333 0 0.2258333333 0.0345833333 0.2495833333 0.6791666667
British_mixed 0.0320833333 0.03125 0.1427777778 1.9906944444 0.0131944444 7.5941666667 0 0 2.03375 0 5.3540277778 0.0188888889 4.5048611111 8.6572222222 7.98 13.8122222222 0.0020833333 7.16125 0 0.0377777778 0.0343055556 17.4640277778 1.7233333333 19.7969444444 0 0.0172222222 0.0198611111 0.00875 0 0 0.4198611111 0.0013888889 0.3679166667 0.0031944444 0.2393055556 0.5522222222
SE_England 0 0 0.0781818182 2.0554545455 0 7.6245454545 0 0 2.1190909091 0 7.52 0.2536363636 3.4363636364 9.1236363636 8.6881818182 11.7563636364 0 10.3363636364 0 0 0.0081818182 14.4181818182 0.8 19.6045454545 0 0 0 0 0 0.0281818182 0.2581818182 0 0.4172727273 0.0218181818 0.2372727273 1.2063636364
Denmark 0.0260526316 0 0.1260526316 2.0257894737 0.0023684211 8.0128947368 0.0034210526 0 2.2634210526 0 8.1226315789 0 4.7307894737 14.795 7.8452631579 8.4773684211 0 5.8365789474 0 0 0.0052631579 15.1823684211 0.4434210526 21.2565789474 0 0.0231578947 0.0021052632 0 0 0.0021052632 0.1707894737 0 0.4134210526 0 0.0968421053 0.1318421053
Sweden 0.07 0 0 1.87 0 7.63 0 0.12 1.8 0 8.92 0 6.39 17.63 5.54 6.78 0.02 7.25 0.01 0 0 14.25 0.16 20.2 0 0 0.06 0.02 0 0 0.15 0.03 0.66 0.01 0.29 0.14
Norway 0.055 0 0.03125 1.7590625 0 8.10125 0 0 2.06375 0.00375 7.1290625 0.016875 7.0003125 16.403125 6.5646875 8.588125 0.003125 3.693125 0 0 0.03625 15.37125 0.9096875 20.2259375 0 0.0284375 0.025625 0.035625 0.0190625 0.2359375 0.46625 0 0.781875 0.020625 0.1621875 0.2659375
Sweden_north 0.02 0 0.05 2.04 0 7.74 0 0 2.46 0 9.24 0.03 7.2 23.7 5.31 5.53 0 2.33 0 0.01 0 14.15 0.74 18.75 0 0.05 0 0.1 0 0 0.02 0 0.42 0 0.1 0.01
Norway_north 0.3446428571 0 0.0407142857 1.5035714286 0 6.1425 0 0 1.255 0.0510714286 6.2964285714 0.0032142857 6.3267857143 29.845 5.9560714286 5.6089285714 0 2.6903571429 0 0.0021428571 0.0078571429 12.8096428571 1.1664285714 17.4267857143 0.0057142857 0.0521428571 0 0.005 0.375 0.115 0.4253571429 0 1.4507142857 0 0.0153571429 0.0646428571
Latvian 0 0 0 0.62 0 7.435 0 0 3.24 0 30.98 0 21.15 19.425 1.965 0 0 0 0 0 0 5.31 0 8.33 0 0 0 0 0 0 0 0 0.81 0 0 0
Lithuanian 0 0 0 0 0 8.18 0 0 5.04 0 34.73 0 19.69 17.14 0.06 0.09 0 0 0 0 0 6.46 0 8.61 0 0 0 0 0 0 0 0 0 0 0 0
Belarusian_West 0.06 0 0.045 1.183 0.018 8.073 0.01 0 7.012 0 25.901 0.104 17.622 12.806 2.333 5.32 0.005 2.163 0 0 0 6.12 1.153 7.625 0 0.017 0.01 0.002 0 0 0.017 0 1.75 0 0.269 0.373
Belarusian_East 0 0.01 0.09 0.56 0 8.74 0 0 5.91 0 26.95 0.02 18.6 13.24 2.41 3.37 0 1.82 0 0 0.02 6.77 1.53 6.72 0 0 0 0 0 0.03 0.53 0 2.07 0 0.38 0.23
Belarusian_Polesye 0 0 0 0.99 0 7.47 0.02 0 7.8 0 26.73 0.35 16.96 12.8 2.06 4.83 0 3.42 0 0.07 0 6.58 0.47 7.74 0 0 0 0 0 0.01 0.38 0 1.2 0.01 0 0.11
Russian_Bryansk 0 0 0.05 1.57 0 9.65 0 0 5.06 0 28.09 0.02 15.69 14.45 3.31 3.1 0 2.09 0 0 0 5.44 1.24 6.53 0 0.01 0 0.09 0 0 0 0 2.94 0 0.67 0
Russian_Center 0.22 0.03 0.21 0.71 0.06 7.94 0 0.03 5.89 0.02 24.18 0.13 20.06 14.53 3.04 3.71 0 1.75 0 0 0.02 5.51 2.58 5.76 0 0.26 0.01 0 0 0.1 0.07 0 2.94 0.03 0.14 0.07
Russian_Don_Cossack 0.44 0 0.09 1.91 0.1 8.83 0 0.02 7.4 0.26 21.4 0.72 17.21 11.9 2.03 4.04 0.14 1.71 0.03 0.01 0.02 6.99 3.15 6.81 0.02 0.19 0.13 0.22 0.15 0.21 0.22 0.17 3.04 0 0.17 0.27
Russian_Kostroma 0.5 0.01 0 0.35 0 4.63 0 0 4.28 0.19 16.93 0.01 21.08 24.48 1.76 1.29 0.03 0.05 0.15 0 0.02 5.55 2.81 7.26 0 0.06 0 0 1.81 0.1 0.61 0 5.98 0.03 0.01 0.02
Russian_Kursk 0 0 0.01 0.77 0 6.82 0 0 6.2 0 24.22 0.05 20.15 13.63 3.43 2.42 0 2.91 0 0.05 0.22 5.02 3.63 7.71 0 0.1 0 0.01 0 0 0.52 0 2.1 0.01 0 0.02
Russian_Meshtchyora 0.72 0 0 0.81 0 6.19 0 0.17 6.97 0.2 21.06 0 20.79 15.99 2.65 2.54 0.01 0.89 0.06 0 0 5.07 2.68 7.73 0 0.11 0 0.01 0.29 0.23 1.6 0 3.22 0 0.01 0
Russian_North_Solvychegodsk 0.25 0 0.03 1.02 0.01 4.99 0 0 3.58 0.2 17.17 0 21.64 25.47 3.44 0.08 0.04 0.97 0.17 0 0.02 5.17 0.99 5.85 0 0.04 0 0 2.41 0.01 1.3 0 4.9 0.03 0 0.22
Russian_Novgorod 0 0 0 0.86 0 7.08 0 0 5.43 0 22.69 0 19.79 24.54 1.7 0.01 0 0.61 0 0 0.02 3.6 0.59 8.45 0 0.11 0 0 0.19 0 0.03 0 3.49 0 0 0.81
Russian_Pskov 0 0 0 1.35 0 5.6 0 0 6.68 0 28.96 0 20.41 17.21 4.14 1.44 0 0.69 0 0 0.02 4.27 0.01 6.56 0 0 0 0.12 0 0 0 0 2.54 0 0 0
Russian_Oryol 0.09 0 0.37 1.47 0 7.96 0 0 6.61 0 23.38 0.04 18.77 12.99 2.6 2.97 0 3.38 0 0 0.04 5.9 3.46 6.83 0 0.05 0 0 0 0 0.02 0 2.72 0 0.35 0
Russian_Perm 0.28 0 0 0.8 0.01 4.59 0 0.18 3.34 0.03 16.46 0 20.56 21.6 2.04 1.36 0.15 0.39 0 0 0.02 4.16 1.59 8.08 0 0.08 0.01 0.02 5.53 0.54 1.5 0 6.47 0 0.16 0.05
Russian_Pinega 0.75 0.01 0 0.49 0.03 3.47 0 0 1.2 0 14.69 0 23.5 36.37 0.43 0.03 0 0 0 0.01 0.02 2.82 0.01 5.11 0 0.08 0.02 0 5.43 0.23 0.12 0 5.08 0.1 0 0
Russian_Smolensk 0 0.06 0.2 1.46 0 8.21 0 0 6.96 0 25.43 0.03 20.12 13.48 2.21 4.06 0 1.78 0 0 0 5.71 1.34 6.78 0 0.02 0 0 0 0.07 0.02 0 1.45 0 0.23 0.38
Russian_Tambov 0.01 0.07 0.02 1.57 0.01 7.92 0 0 6.68 0 21.97 0.23 20.04 13.46 1.02 5.73 0 2.39 0.01 0 0.02 5.39 2.75 5.12 0 0.02 0 0.01 0.12 0.89 0.46 0 3.77 0 0.31 0.01
Russian_Tver 0.25 0 0.04 0.62 0 9.97 0 0 3.94 0 20.71 0 20.33 17.4 4.02 0.21 0.02 1.38 0.29 0 0.02 7.89 1.64 7.38 0 0.05 0.1 0.07 0.09 0.22 0.79 0 2.57 0 0 0
Russian_Voronezh 0.1 0.49 0.44 1.3 0.03 7.83 0 0 7.94 0 22.78 0 18.29 13.59 2.04 3.16 0 2.21 0 0 0.26 5.1 2.52 8.08 0 0.05 0.07 0.02 0 0.14 0.01 0 3.21 0 0.13 0.21
Russian_Vyatka 0.61 0 0 1.07 0.01 4.68 0 0 2.64 0.35 16.57 0 24.36 22.05 1.87 1.85 0 0.35 0 0.01 0.02 3.91 1.47 7.01 0 0.22 0 0.05 3.24 0.01 1.07 0 5.93 0.13 0.52 0
Moldavian 0.42 0.33 1.03 0.95 0.06 7.67 0.16 0 8.26 0 16.55 1.59 14.08 9.71 1.76 5.79 0.21 8.51 0.03 2.15 0.01 4.62 3.26 5.76 0.02 0.19 0.2 0.3 0 1.3 1 0 1.77 0.09 0.95 1.27
Carpathian_Rusyns 0.0414285714 0.38 0.7457142857 1.8378571429 0 8.4828571429 0 0 8.2435714286 0 20.6685714286 0.9114285714 13.5842857143 8.4835714286 3.0821428571 7.1585714286 0 8.4135714286 0 0.3178571429 0.0642857143 5.525 1.3007142857 7.34 0 0.0292857143 0 0.0114285714 0 0.0692857143 0.14 0 1.4828571429 0 0.3721428571 1.3057142857
Ukrainian_Chernigov 0 0 0.06 0.6 0 8.32 0.05 0 8.18 0 25.81 0.12 17.57 12.79 1.53 1.73 0 5.24 0 0.01 0.02 7.01 1.05 7.3 0 0.22 0 0.02 0 0 0 0 1.46 0 0.22 0.69
Ukrainian_West 0.1 0 1.01 1.02 0 7.53 0 0 6.9 0 19.28 0.24 15.95 12.12 5.05 5.28 0 4.18 0 0.1 0.02 8.4 2.13 6.67 0 0.06 0 0.01 0 0 0.27 0 1.97 0 0.75 0.96
Ukrainian_Central 0.0435294118 0.0973529412 0.2258823529 1.2032352941 0 7.4891176471 0 0.01 6.6011764706 0 23.7976470588 0.6020588235 17.4120588235 10.725 3.395 3.7820588235 0 6.1855882353 0 0.1602941176 0.0411764706 6.3905882353 2.34 6.7755882353 0 0.0414705882 0.0041176471 0.0079411765 0.0332352941 0.0279411765 0.1720588235 0 1.9361764706 0.0117647059 0.1258823529 0.3541176471
PL_Sudovia 0 0 0 1.59 0 9.273 0 0 5.867 0 31.877 0 17.64 13.047 0.31 1.883 0 0 0 0 0 4.767 0 11.167 0 0 0 0 0 0 0 0 2.577 0 0 0
PL_Wielkopolska 0.0105882353 0 0.1009090909 0.4661111111 0 10.05625 0 0 6.79 0 22.958125 0 14.091875 11.57625 3.173125 4.100625 0 3.7861111111 0 0 0 9.3375 0.3225 11.485625 0 0 0 0 0 0 0 0 0.4481818182 0 0.0364285714 0.2272727273
PL_SE_Carpathia 0 0.0041666667 0.5616666667 1.0458333333 0 7.645 0 0 6.3833333333 0 20.7941666667 0.1266666667 15.1466666667 12.1116666667 3.0166666667 7.105 0 5.2725 0 0.0466666667 0 6.4516666667 1.1266666667 10.615 0 0 0.0075 0.0266666667 0 0 0.005 0 1.615 0 0.3033333333 0.5883333333
PL_Mazovia 0.021 0.044 0 1.022 0 9.325 0 0 6.503 0 26.138 0.009 16.924 11.43 4.225 4.06 0 2.391 0 0 0.053 6.828 0.498 9.365 0 0.017 0 0 0 0 0.016 0 0.884 0 0.048 0.194
PL_South_Poland 0.0561538462 0.0246153846 0.56 1.235 0 8.2415384615 0 0 7.0626923077 0 20.7053846154 0.2638461538 15.415 9.86 3.9184615385 6.5838461538 0 6.3346153846 0 0.2142307692 0.0161538462 6.8076923077 1.5896153846 8.8969230769 0 0.0353846154 0.0119230769 0 0 0.245 0.2396153846 0 1.0438461538 0 0.0876923077 0.5365384615
PL_Upper_Silesia 0 0 0.635 1.11 0 8.148 0 0 6.699 0 20.396 0.108 15.927 10.52 4.665 6.415 0 5.477 0 0.072 0.089 7.162 1.306 9.658 0 0.02 0 0 0 0 0.059 0 0.782 0 0.092 0.643
Pl_Kashubians 0 0 0 1.8166666667 0 9.9611111111 0 0 3.7433333333 0 23.7611111111 0 14.5422222222 13.3933333333 3.6422222222 4.4633333333 0 2.9566666667 0 0 0 8.4588888889 0.3466666667 11.9744444444 0 0 0 0 0 0 0 0 0.2777777778 0.0755555556 0.5455555556 0.0388888889
Pl_north 0 0 0.005 1.3933333333 0 9.0816666667 0 0 5.64 0 21.5483333333 0.0033333333 15.7216666667 9.4 3.715 4.44 0 1.39 0 0 0 10.7566666667 0.3783333333 14.8216666667 0 0 0 0.0733333333 0 0 0.3016666667 0 1.1266666667 0 0 0.1966666667
PL_Podlasie_East_Mazovia 0 0 0.421 1.614 0 9.201 0 0 6.928 0 29.085 0 16.482 13.42 3.042 1.778 0 1.142 0 0 0.143 6.057 0.217 9.32 0 0 0 0 0 0 0.224 0 0.915 0 0 0.01
PL_mixed 0.0428205128 0.0341025641 0.2524 1.0781081081 0.0017948718 8.7793243243 0.0041025641 0 6.8951351351 0 23.4006666667 0.1358974359 15.8894594595 10.8575675676 4.3751351351 5.5263513514 0 3.7659459459 0 0.071025641 0.0138461538 6.46 1.1827631579 9.0402702703 0.003974359 0.0353846154 0.0033333333 0.0055128205 0 0 0.1577922078 0 1.2710666667 0.0026923077 0.2403846154 0.3338666667
Estonian 0.16 0 0 0.9 0.04 5.62 0 0 3.45 0 19.65 0 15.87 32.92 2.58 0.82 0 0.37 0.1 0 0.02 5.72 0.04 8.66 0 0.02 0 0 0 0.08 0.74 0 2.22 0.02 0 0
Finnish_East 0 0 0 0.42 0 1.04 0 0 0 0 5 0 5.13 81.99 0 0 0 0 0 0 0 2.32 0 0.01 0 0.41 0 0 1.42 0 0 0 2.26 0 0 0
Finnish_Inkeri 0.26 0 0 0 0 1.27 0 0.02 0.88 0.87 7.73 0 12.56 70.79 1.24 0.15 0.35 0 0 0 0.02 2.09 0 0.79 0 0 0 0 0.06 0 0 0.02 0.42 0.32 0.02 0.14
Finnish_SW 0.46 0 0.26 1.38 0.07 1.98 0 0 1.6 0 5.93 0 8.41 60.3 2.06 2.35 0.07 0.04 0.01 0 0.02 1.15 0 9.7 0 0.15 0.02 0 0 0.74 0.15 0.01 2.36 0 0.41 0.37
Karelian 0.39 0 0 0.6 0.04 2.92 0 0.04 0.92 0.09 9.98 0 16.56 53.15 0.89 0.4 0.01 0.01 0.06 0 0.02 2.86 0.17 4.35 0 0.13 0 0.08 2.75 0.11 0.24 0.04 3.13 0.04 0 0.02
Komi 1.08 0 0.01 0.25 0.01 4.22 0 0 1.09 0.24 11.57 0 20.55 21.55 1.16 0.09 0 0.11 0.03 0 0.02 4.7 2.97 4.79 0 0.04 0.01 0.04 12.06 0.09 3.95 0 9.23 0.02 0.12 0
Vepsian 0.41 0 0 0.43 0 4.01 0 0 1.47 0.03 12.04 0 19.8 44.92 0.81 0.58 0 0.02 0.18 0 0.02 2.79 0.1 4.42 0 0.04 0 0 3.38 0.18 0.29 0 4.04 0.04 0 0
Mari 1.09 0 0 0.2 0.07 2.39 0.04 0 0.29 1.78 5.63 0 16.41 13.35 0.74 0.11 0.01 0 0 0 0 2.25 1.68 1.7 0 0.09 0.01 0 19.17 0.36 3.32 0 29.14 0.13 0.04 0
Moksha 0.72 0 1.2 1.38 0 6.57 0 0.01 2.63 0 17.26 0.02 22.47 13.18 2.75 0.14 0.07 0.36 0 0 0.02 7.09 5.97 5.8 0 0.06 0 0.04 2.89 0.29 2.24 0.07 6.76 0 0.01 0
Erzya 1.29 0 0.09 0.01 0 6.48 0 0.08 5.33 0.1 16.86 0 22.61 14.85 2.51 0.06 0 0.8 0 0 0 7.26 3.63 6.35 0 0 0 0.07 3.62 0.01 1.43 0.06 6.47 0 0 0.03
Udmurt 2.3 0 0 0.14 0.01 2.22 0 0 0.2 0.16 5.87 0 18.4 15.19 0.53 0.04 0 0 0 0 0.02 5.59 4.14 4.72 0 0.01 0 0.01 18.71 0.26 8.38 0 13.03 0 0.07 0
Saami 1.41 0 0 0.08 0.04 0.01 0 0 0 1.01 0.41 0 11.74 56.18 0.04 0 0 0 0 0 0.02 0.6 0 1.63 0 0.06 0 0.01 19.64 0.02 0 0 7.1 0 0 0
Saami_NO 1.43 0 0 0.1114285714 0 1.0014285714 0 0 0.3971428571 0.3557142857 2.11 0 10.5557142857 55.6942857143 1.3314285714 0.1157142857 0 0 0 0 0 3.6014285714 0 4.1414285714 0 0.2242857143 0 0.0414285714 12.8371428571 0.0371428571 0.2 0 5.7885714286 0.0242857143 0 0
Mixed_Inuit 18.626 0.166 0.175 1.054 0.015 2.418 0.047 0.003 1.488 0.001 3.499 0.285 3.889 5.082 2.286 4.767 0.008 2.9 0.031 0.179 0.033 7.325 0.911 6.785 0.056 0.128 0.011 0.057 33.784 0.421 1.36 0.022 1.68 0.052 0.115 0.33
Inuit 33.483 0 0 0 0 0 0 0.067 0 0 0.038 0 0.058 0.385 0 0 0.022 0 0.25 0 0 0 0 0 0 0.045 0 0.06 65.322 0.023 0.135 0.057 0.05 0 0 0
Saqqaq 6.88 0 0 0 1.21 0 0 5.51 0 0 2.58 0 0.88 2.1 0 0 0 0 0 0 0 2.02 0 0 0 0 0 0 69.59 1.86 0.16 0 2.3 4.89 0 0
Argentina 18.86 1.14 1.34 4.97 0.08 2.9 0.2 0.08 2.35 0.13 1.84 3.76 1.47 2.07 3.71 17.94 0.07 11.59 0.1 3.2 2.35 5.04 1.16 5.14 0.57 0.09 0.15 0.13 0.7 0.18 0.24 0.08 0.51 0.86 0.86 4.12
Puerto_Rico 12.8 1.2 0.3 4.4 0.4 2.8 1.1 0.1 1.5 0.3 1.5 1.9 1 1.6 4.1 18.8 0.1 12.7 0 2.7 4.9 5.8 0.3 4.8 1.4 0.1 0.3 0.4 0.4 0.1 0.1 0 0.2 6.5 0.8 4.6
Castizo_Mexicans 24.5913636364 1.7136363636 0.7645454545 4.4436363636 0.1440909091 1.8095454545 0.3918181818 0.4118181818 2.3086363636 0.4686363636 1.1263636364 1.8695454545 1.8631818182 1.7022727273 2.7113636364 16.7140909091 0.3677272727 8.1559090909 0.0609090909 3.5740909091 2.3940909091 6.0545454545 0.7236363636 4.6677272727 0.7722727273 0.1463636364 0.2736363636 0.3868181818 1.5781818182 0.045 0.6372727273 0.13 0.6309090909 1.8154545455 0.5618181818 3.9654545455
Mestizo_Mexicans 40.3713157895 0.9492105263 0.4144736842 3.3639473684 0.2521052632 1.4744736842 0.4760526316 0.4107894737 1.4392105263 0.7486842105 1.4515789474 1.5605263158 1.4813157895 1.4128947368 2.2918421053 12.1584210526 0.1771052632 5.3994736842 0.4015789474 2.4236842105 2.4202631579 3.2976315789 0.5405263158 3.3852631579 0.3742105263 0.1057894737 0.2463157895 0.2084210526 3.5865789474 0.1726315789 0.6086842105 0.1081578947 0.5226315789 2.6586842105 0.5689473684 2.5171052632
White_Mexicans 12.6611111111 1.7872222222 0.9516666667 4.315 0.0944444444 2.4430555556 0.1988888889 0.1155555556 2.4111111111 0.1447222222 1.9988888889 3.7080555556 1.4058333333 2.0661111111 4.2344444444 20.0577777778 0.2044444444 11.9611111111 0.2286111111 4.8047222222 3.5369444444 4.99 0.7177777778 5.7425 0.7488888889 0.1844444444 0.1494444444 0.1602777778 0.5330555556 0.0886111111 0.15 0.0405555556 0.5822222222 1.4802777778 0.2261111111 4.8569444444
Ecuador 42.261 1.068 1.027 2.534 0.211 1.73 0.648 0.166 1.546 0.039 1.334 0.078 0.882 2.697 0.862 9.704 0 7.592 0 0.773 2.274 3.871 0.644 4.123 0.232 0.956 0.814 0 2.459 0.309 0 0.11 0.603 4.598 0.144 3.697
Chile_Mestizo 37.8457142857 0.6728571429 2.02 4.9957142857 0.1571428571 0.7585714286 0 0.0842857143 1.3085714286 0.2957142857 2.7671428571 1.5714285714 2.2871428571 0.7371428571 2.2285714286 14.43 0 4.7757142857 0 2.1457142857 3.2814285714 3.4457142857 1.0314285714 3.8614285714 0.3771428571 0.11 0.2971428571 0.07 3.0185714286 0.0828571429 0.4228571429 0.0885714286 0.3228571429 0.9657142857 0.3785714286 3.14
Chile_Castizo 21.0371428571 1.3742857143 0.3128571429 4.5971428571 0 2.2357142857 0.1785714286 0.3142857143 3.3885714286 0.16 3.0957142857 2.6457142857 1.9342857143 2.0028571429 4.22 22.3214285714 0 7.4657142857 0.2857142857 1.4528571429 1.81 4.1314285714 2.1542857143 4.8457142857 0.26 0.0871428571 0.0542857143 0.1514285714 0.7585714286 0.18 1.0185714286 0 0.6671428571 0.07 0.0928571429 4.6742857143
Panama 66.7366666667 0 0.51 0.2 0.3233333333 0 0.33 0.6266666667 0.6966666667 0.8333333333 1.4833333333 0.1233333333 0.43 0.03 0.6266666667 3.4 0.5033333333 2.2833333333 0 0 1.1233333333 1.4666666667 0.17 2.0066666667 0 0.1333333333 0.2 0.4966666667 4.54 0 0.59 0.4333333333 1.03 7.4366666667 0.7866666667 0.4133333333
Honduras-Nicaragua 30.3325 0.4025 0.42 4.1925 0 3.1725 1.58 0 3.65 0.1675 1.23 2.065 0.975 0.6175 2.9625 13.9025 0.0225 6.3675 0.3 3.57 2.765 1.4225 0 6.1025 0 0.2275 0 0.2125 2.345 0.805 0.465 0.085 0.05 5.6025 0.41 3.5575
Dominicana 7.03 1.6175 0.7925 3.0625 0.2425 1.245 3.79 0 1.67 0.1225 0.32 1.9425 3.035 1.4675 4.8275 16.4875 0 6.9025 0.045 1.9275 4.29 5.675 0 2.6625 0.6275 0.14 0.405 1.8325 0.415 0 0 0 0 23.34 1.4775 2.5925
Sioux_SouthDakota 52.7766666667 0 0 0.3666666667 0 1.3966666667 0 0.8766666667 0.8033333333 0.83 1.97 0 2.77 6.1766666667 1.7166666667 0.45 0 0.74 0.15 0 0 7.1366666667 0 3.25 0 0.15 0 0.0766666667 13.5666666667 0.19 2.0133333333 0 2.5166666667 0 0.04 0
Amerind_COL 96.5676923077 0 0 0 0.1146153846 0.0961538462 0 0.2461538462 0 0.1815384615 0.0684615385 0 0.0476923077 0.0561538462 0.0576923077 0 0.03 0.1184615385 0 0.0730769231 0.0384615385 0.3738461538 0.0123076923 0 0 0.0246153846 0 0.0469230769 1.2438461538 0 0 0.0376923077 0.0453846154 0.4715384615 0.0061538462 0.0323076923
Peru_Mestizo 45.08 1.4225 0.3525 2.7225 0 1.9425 0.4925 0.545 0.1625 0.2975 0.3075 3.7225 2.1725 0.9225 2.625 13.285 0 6.83 0 2.19 0.2725 2.7975 1.6475 1.9 1.425 0.18 0 0.0975 0.9575 0.145 0.5275 0 0.2525 2.2475 0.4525 1.995
Peru_Cholo 70.435 0.075 0 1.275 0 1.6825 0 0.805 0.25 0.8775 0.05 0.095 0.8425 0.91 2.1725 5.285 0.5075 2.8875 0 0.35 0.4525 0.7025 0.815 2.41 0 0.615 0.2175 0.1775 4.6225 0.11 0 0.745 0.18 0.035 0.365 0.0475
CostaRica 27.685 0.195 0.905 1.64 0.52 1.5 1.175 0.295 1.525 0 0.12 1.775 1.22 3.77 3.175 12.575 0 10.1 0.325 1.675 1.665 5.76 0.79 6.98 0 0.28 0 1.28 2.005 0 0 0.71 0.32 6.15 1.945 1.92
Venezuelan 16.32 0 0.12 5.69 0.31 0.41 1.14 0 2.16 0 3.75 2.6 0 3.3 0.41 21.85 0 10.38 0.99 2.59 1.4 4.04 0 5.89 0 0 0.34 0 0 0.07 1.51 0 0.68 8.94 0.71 4.39
Colombia 22.4715 1.40375 0.95425 4.62525 0.448 1.518 0.719 0.0505 1.534 0.31 1.52075 2.648 0.50725 2.53 3.05825 18.83075 0.223 9.67125 0.08675 2.139 2.555 4.175 0.85075 4.40825 0.848 0.284 0.22775 0.2095 0.516 0.22325 0.08175 0.17775 0.32525 5.3015 0.38275 4.16725
Amerindian 84.359 0.034 0.04 0.273 0.093 0.439 0.186 0.536 0.436 0.574 0.266 0 0.806 0.536 0.684 0.539 0.229 0.213 0.369 0 0.094 0.807 0 0 0 0.171 0.021 0.06 6.817 0.174 0.471 0 0.567 0.14 0 0.033
Chachapoya 88.7066666667 0 0 0 0.195 0 0.9433333333 0 0 0 0 0 0.495 0 0 0 3.585 0 0 0 0 0 0 0 0 0.0266666667 0 0.475 4.075 0.2216666667 0 0 0.6233333333 0.6466666667 0 0
North_Amerind 63.23 0 0 0 0 2.145 0 0 0 0.845 0.03 0 0.08 6.3 0.22 0.06 0 0 0 0 3.165 0.03 0 3.28 0 0 0 0 14.51 0 0 3.825 0.17 2.105 0 0
South_Amerind 99.43 0 0 0 0 0.04 0 0 0 0.225 0.065 0 0 0 0 0 0 0 0 0 0 0 0 0 0 0.06 0 0 0.04 0.07 0 0.05 0 0 0 0
SA_Coloureds 0.26 0.214 0.264 2.78 0.024 2.767 3.305 0 1.642 0.108 2.2 0.961 2.749 6.186 3.898 7.589 0.466 4.961 5.962 0.82 0.711 8.961 1.042 10.718 0.036 0.316 1.974 6.441 0 8.538 5.324 0.372 1.939 4.612 0.622 1.215
Montenegro 0.0425 0.3475 2.3063 1.31 0 7.0288 0 0 8.6763 0 11.4688 4.9075 7.3763 3.4275 4.0813 10.0225 0 16.1425 0 2.8263 0.1175 1.6575 5.02 6.5238 0 0 0 0 0 0 0 0 0.9738 0 2.2925 3.43
Sorb_Lusatia 0.033 0.054 0.018 0.58 0 8.581 0 0 6.68 0 19.895 0.5 14.244 10.809 2.846 4.816 0 5.6 0 0.196 0.018 9.273 0.916 13.14 0 0 0 0.036 0 0.039 0.093 0 0.736 0 0.345 0.548
Bangladeshi 0.5376470588 0.0638235294 0.1285294118 0.0935294118 0.0917647059 0.1611764706 0.0285294118 1.6420588235 0.0647058824 1.7255882353 0.3008823529 0 0.8579411765 0.345 0.0608823529 0.1252941176 1.5447058824 0.0320588235 8.2485294118 0.0491176471 0.0685294118 0.2547058824 0.2273529412 0.4397058824 0.0623529412 0.9641176471 0.1029411765 0.075 1.1473529412 56.7708823529 21.9152941176 0.6747058824 0.7014705882 0.1735294118 0.2867647059 0.0147058824
Spain_La-Rioja 0 0.13 0.556 13.384 0 2.722 0 0 2.06 0 3.198 0.416 0.464 0.422 5.546 39.398 0 10.768 0 0.338 0.794 6.078 0 7.416 0 0 0.026 0 0 0.112 0 0 0 0.036 0.178 5.96
NW-England 0.1083783784 0 0.0708108108 2.8713513514 0.0194594595 7.0716216216 0 0 1.1675675676 0 6.462972973 0 4.4143243243 9.8667567568 7.8816216216 12.9308108108 0 8.7497297297 0 0.0154054054 0.0051351351 17.5045945946 0.9308108108 18.8364864865 0 0.0151351351 0.0218918919 0.0016216216 0 0.0121621622 0.1886486486 0 0.2272972973 0 0.2137837838 0.3994594595
SW-England 0.0183333333 0 0 2.9683333333 0 5.9783333333 0 0 0.9683333333 0 2.4833333333 0 4.7533333333 9.0116666667 8.865 16.235 0 7.8433333333 0 0 0 19.57 1.0766666667 18.6333333333 0 0 0 0 0 0.5416666667 0.5966666667 0 0.37 0 0.055 0.0183333333
NE-England 0.03375 0 0 2.26125 0 6.5875 0 0 1.0425 0 5.26125 0 2.53125 10.63875 7.4575 16.22875 0 7.56875 0 0 0 17 1.5475 20.8175 0 0.13375 0 0 0 0 0 0 0.18625 0 0.435 0.26
England_Cumberland 0.32 0 0 2.9183333333 0 8.0716666667 0 0 1.02 0 5.52 0 3.9683333333 7.3883333333 6.1566666667 15.69 0 8.395 0 0 0 17.775 1.2233333333 19.9266666667 0 0 0 0 0 0.14 0 0 0.2366666667 0 0.1783333333 1.07
Welsh 0.0283333333 0 0.04 2.935 0 7.095 0 0 1.975 0 5.68 0.0516666667 4.93 8.0333333333 8.5433333333 14.0816666667 0 4.89 0 0 0 18.3233333333 3.26 18.935 0 0 0 0 0 0 0.0733333333 0 0.05 0 0.2083333333 0.8433333333
Karelian_Tver 1.17 0 0 0.4 0 2.48 0 0 0.18 0 12 0 15.14 50.41 2.33 0.03 0 0 0 0 0.02 0.18 0 9.64 0 0.65 0 0 0.67 0 0.1 0 4.6 0 0 0
Russian_North_Dvina 0.21 0 0 0.24 0.07 4.05 0 0 2.58 0.14 14.17 0 20.2 34.01 2.33 1.43 0 0.06 0 0 0 2.85 0.87 5.38 0 0 0 0 4.72 0 0.32 0 6.37 0 0 0
Russian_Rostov 0.48 0 0 0.44 0 8.23 0 0 5.4 0 19.72 0 21.03 18.13 2.05 2.79 0 1.42 0.02 0.22 0.02 5.84 1.93 6.96 0 0.06 0.07 0.11 0.87 0 0.51 0.02 3.39 0.19 0.03 0.07
Russian_Ryazan_Tula 0.07 0 0.11 1.17 0 6.84 0 0 6.09 0 24.26 0 18.56 15.82 3.03 3.94 0.02 2.14 0.05 0 0.02 3.61 3.43 7.62 0 0.04 0.01 0.07 0 0.05 0 0 2.71 0.05 0.01 0.28
Ukrainian_North_East 0 0 0.26 0.71 0 6.42 0 0 5.01 0 25.9 0.16 18.84 10.99 3.8 4.2 0 5.65 0 0 0.02 6.82 1.4 6.31 0 0 0 0 0 0 0 0 2.18 0 1.27 0.06
Ukrainian_Poltava 0 0.02 0.15 1.16 0 7.06 0 0 8.26 0 23.37 0.07 16.52 10.63 4.78 4.59 0 5.84 0 0.01 0.02 6.79 2.45 6.41 0 0.18 0 0 0 0.22 0.06 0 1.39 0 0 0.02
PL_Lubelskie 0 0.334 0.186 1.792 0.002 8.42 0 0 9.416 0 24.402 0.732 13.546 11.252 2.746 4.24 0 4.512 0.052 0.004 0.152 7.984 0.89 6.632 0.056 0.056 0.002 0 0 0.06 0.174 0 1.734 0 0.498 0.122